,0,1,2,3,4,5,6,7,8,9,10,11,12,13,14,15,16,17,18,19,20,21,22,23,24,25,26,27,28,29,30,31,32,33,34,35,36,37,38,39,40,41,42,43,44,45,46,47,48,49
0,0.05935357536625088,1.2439310117453222,0.9303967506930703,1.0446364406334423,0.5741371619597477,0.9816010529116779,0.10356867293957839,0.4332519328261448,1.2460276583559797,0.14706604313718147,0.7672022638980853,-0.21417186863812468,0.20340078206329482,0.02910049802067116,0.8201115179977307,0.08267275565118198,1.1631204087189007,-0.0875879177401756,0.8459721370265213,-0.044910007054311196,0.4685256755490621,-0.12600435606571164,-0.047740862920418965,1.0189533440697716,-0.008562172575602628,-0.05455994687783439,0.003217461245078934,1.1298784653383367,1.0188454529264683,0.13803566637221726,0.1130148795817475,0.9126680442417514,0.11851264188496641,0.7352050207399093,0.2490150821458448,0.04023102109194035,0.10925954876661528,1.1632760252836754,1.0682685898344837,1.0948687508434827,1.0204277064269984,-0.04012511415833042,0.7730924036738998,1.2501790098883196,0.1303960651365046,-0.03283383319033162,0.6827779882568658,-0.0029668793131721882,-0.01977954760604056,-0.03988823677948111
1,0.05935357536625088,1.2439310117453222,0.9303967506930703,1.0446364406334423,0.5741371619597477,0.9816010529116779,0.10356867293957839,0.4332519328261448,1.2460276583559797,0.14706604313718147,0.7672022638980853,-0.21417186863812468,0.20340078206329482,0.02910049802067116,0.8201115179977307,0.08267275565118198,1.1631204087189007,-0.0875879177401756,0.8459721370265213,-0.044910007054311196,0.4685256755490621,-0.12600435606571164,-0.047740862920418965,1.0189533440697716,-0.008562172575602628,-0.05455994687783439,0.003217461245078934,1.1298784653383367,1.0188454529264683,0.13803566637221726,0.1130148795817475,0.9126680442417514,0.11851264188496641,0.7352050207399093,0.2490150821458448,0.04023102109194035,0.10925954876661528,1.1632760252836754,1.0682685898344837,1.0948687508434827,1.0204277064269984,-0.04012511415833042,0.7730924036738998,1.2501790098883196,0.1303960651365046,-0.03283383319033162,0.6827779882568658,-0.0029668793131721882,-0.01977954760604056,-0.03988823677948111
2,0.05935357536625088,1.2439310117453222,0.9303967506930703,1.0446364406334423,0.5741371619597477,0.9816010529116779,0.10356867293957839,0.4332519328261448,1.2460276583559797,0.14706604313718147,0.7672022638980853,-0.21417186863812468,0.20340078206329482,0.02910049802067116,0.8201115179977307,0.08267275565118198,1.1631204087189007,-0.0875879177401756,0.8459721370265213,-0.044910007054311196,0.4685256755490621,-0.12600435606571164,-0.047740862920418965,1.0189533440697716,-0.008562172575602628,-0.05455994687783439,0.003217461245078934,1.1298784653383367,1.0188454529264683,0.13803566637221726,0.1130148795817475,0.9126680442417514,0.11851264188496641,0.7352050207399093,0.2490150821458448,0.04023102109194035,0.10925954876661528,1.1632760252836754,1.0682685898344837,1.0948687508434827,1.0204277064269984,-0.04012511415833042,0.7730924036738998,1.2501790098883196,0.1303960651365046,-0.03283383319033162,0.6827779882568658,-0.0029668793131721882,-0.01977954760604056,-0.03988823677948111
3,0.12397185486375195,1.218457795461267,0.9770739261114381,1.0686788229313222,0.486769127000712,1.021106169021876,0.05005678791293247,0.40877301050044046,1.219522751815695,0.14110416022536082,0.7146555931018436,-0.18324857411211923,0.29464810942099573,0.12453472882216671,0.8765264324680632,0.050511500214303895,1.162085270125192,-0.042233997517485244,0.7858780912165242,-0.06781805791285372,0.5525432392171774,-0.021390898912925838,-0.04127833979049391,1.030302918870738,0.06485704509234314,0.05471844844283219,-0.02042726448261567,1.0309483728338225,1.051212434838957,0.08738913338401928,0.20119626218698178,0.8709189352657857,0.06379914342433088,0.6919805197842814,0.18791411895938087,0.10522405968046694,0.05436943085383794,1.0655661671925727,1.081947457340465,1.0153103797524528,1.0368455579430342,0.06834386453523555,0.7989298026834893,1.2183441332834848,0.20481997015994852,0.0762305991254757,0.7387728659484893,0.09989914290102297,0.06534249877692022,-0.05816621522228288
4,0.08785927007672388,1.23750132236093,0.9537439417513104,1.0605146544730544,0.5351052136266902,1.003309712624425,0.0772788384355701,0.4249151788156015,1.2391023045567477,0.13968465331897534,0.7480329033213264,-0.2036083653397788,0.24351860439795944,0.07014544243467452,0.8461919613838078,0.06372047278907628,1.1674961675646431,-0.07269938319189073,0.8186746959340696,-0.060348740630631614,0.5051745368735767,-0.0831200584161616,-0.04554763273458224,1.0294179927971032,0.02301916346901345,-0.009519240083237013,-0.012457850148542726,1.089166998477572,1.0378265085470821,0.1141682771141167,0.1485408534155639,0.8937873106782982,0.09193491485071509,0.7202248570409872,0.22128296105674364,0.06872410419311595,0.0822683572535387,1.1235719978648817,1.0798003791003576,1.0643637002734836,1.0331218942329237,0.005005518556170263,0.7887814335615182,1.2408772319434174,0.1593445721557465,0.01219767569592356,0.7106455770274065,0.03905245441097116,0.016643622604066544,-0.05342661498178197
6,0.05935357536625088,1.2439310117453222,0.9303967506930703,1.0446364406334423,0.5741371619597477,0.9816010529116779,0.10356867293957839,0.4332519328261448,1.2460276583559797,0.14706604313718147,0.7672022638980853,-0.21417186863812468,0.20340078206329482,0.02910049802067116,0.8201115179977307,0.08267275565118198,1.1631204087189007,-0.0875879177401756,0.8459721370265213,-0.044910007054311196,0.4685256755490621,-0.12600435606571164,-0.047740862920418965,1.0189533440697716,-0.008562172575602628,-0.05455994687783439,0.003217461245078934,1.1298784653383367,1.0188454529264683,0.13803566637221726,0.1130148795817475,0.9126680442417514,0.11851264188496641,0.7352050207399093,0.2490150821458448,0.04023102109194035,0.10925954876661528,1.1632760252836754,1.0682685898344837,1.0948687508434827,1.0204277064269984,-0.04012511415833042,0.7730924036738998,1.2501790098883196,0.1303960651365046,-0.03283383319033162,0.6827779882568658,-0.0029668793131721882,-0.01977954760604056,-0.03988823677948111
7,0.11869318807576544,1.2376220575425196,0.9830542479939266,1.0854490898033329,0.4921635057643987,1.0330926074185947,0.04489212953709726,0.4195208000519147,1.2386272193852874,0.12470751321855766,0.7332011990325721,-0.19671214627366843,0.2867143838049244,0.11299021353010688,0.8761592062756672,0.036207793615924855,1.179341451716335,-0.06412858586651127,0.7879886086193915,-0.08489745820072042,0.5442064852066342,-0.04153824704274561,-0.04414316582584204,1.0487700670325852,0.05599250811672163,0.03454010342321445,-0.03713236641430229,1.0494434355598572,1.065279088809561,0.08610679104735955,0.1820022136420837,0.8726822597830254,0.059593240669130076,0.7100375611573777,0.1901406893363015,0.09928250622261647,0.048985598652769996,1.0856286272381603,1.1003650303738353,1.0381244380750585,1.0548763648762711,0.049819997360723456,0.8120673819103315,1.2377945936961061,0.18494286225829648,0.05637244881462333,0.7454488922591072,0.07956016147404643,0.05438219574916098,-0.07612898058351775
8,0.03590510586009585,1.2227912184294814,0.8960407721860744,1.0025923375805805,0.6089404771914484,0.9402075500803975,0.13994712587525882,0.426575906515527,1.2255184815127627,0.17925775972725233,0.7609205746996676,-0.2059405228706793,0.17114247366200575,0.0011364830023753436,0.7920965232064614,0.12445571498639751,1.1329556214206729,-0.07169482064224064,0.872756226813725,-0.002892526121498651,0.4406580867785214,-0.14333245624595342,-0.045929687449169136,0.9803413184493943,-0.030105362927254714,-0.07420347915142134,0.04494359043861579,1.1472571305482941,0.9773795580446301,0.16605319148881784,0.10234151368126188,0.9307473638486836,0.15379652826417067,0.7250550567214333,0.2761044478924786,0.0177710823477569,0.14672818171711305,1.1772469304637885,1.0285610690388032,1.0947218663753209,0.9800162070406742,-0.06229988373427042,0.7365970150762629,1.2317629785976276,0.1279286250583498,-0.05293811591264774,0.6424497354348753,-0.01906616561110852,-0.04354230968212486,0.001347500544544633
10,0.05935357536625088,1.2439310117453222,0.9303967506930703,1.0446364406334423,0.5741371619597477,0.9816010529116779,0.10356867293957839,0.4332519328261448,1.2460276583559797,0.14706604313718147,0.7672022638980853,-0.21417186863812468,0.20340078206329482,0.02910049802067116,0.8201115179977307,0.08267275565118198,1.1631204087189007,-0.0875879177401756,0.8459721370265213,-0.044910007054311196,0.4685256755490621,-0.12600435606571164,-0.047740862920418965,1.0189533440697716,-0.008562172575602628,-0.05455994687783439,0.003217461245078934,1.1298784653383367,1.0188454529264683,0.13803566637221726,0.1130148795817475,0.9126680442417514,0.11851264188496641,0.7352050207399093,0.2490150821458448,0.04023102109194035,0.10925954876661528,1.1632760252836754,1.0682685898344837,1.0948687508434827,1.0204277064269984,-0.04012511415833042,0.7730924036738998,1.2501790098883196,0.1303960651365046,-0.03283383319033162,0.6827779882568658,-0.0029668793131721882,-0.01977954760604056,-0.03988823677948111
11,0.15005944978143082,1.2329678965716195,1.0101320919063943,1.1055753874712733,0.4489677263574338,1.0591355519124657,0.014612810935660858,0.4115870744358434,1.2334072381893053,0.11419293866613067,0.7141278733163009,-0.18663845046751412,0.33079007931725546,0.15762287714333414,0.9054578444140179,0.012954478008744053,1.1865895809776748,-0.05032348987889812,0.757555286318477,-0.10457084774639674,0.5843243075412987,0.004005563873411888,-0.042060988105148044,1.0630330688530063,0.09033680431693461,0.08250632813597508,-0.057021563061119385,1.0061221565066818,1.0885328550381874,0.05907631366652205,0.21939416024818637,0.8516734245033848,0.029119087805829308,0.6956125008149863,0.15923385583153632,0.13054529619196573,0.01788752993902959,1.0436521138849961,1.115822199258366,1.0068700491753293,1.0715894797171763,0.09811024606172536,0.8314915288527787,1.229947042532276,0.21484124538038868,0.10437144819520916,0.7777072006603962,0.12410482608820722,0.09389270064564786,-0.09378289149255509
13,0.11869318807576544,1.2376220575425196,0.9830542479939266,1.0854490898033329,0.4921635057643987,1.0330926074185947,0.04489212953709726,0.4195208000519147,1.2386272193852874,0.12470751321855766,0.7332011990325721,-0.19671214627366843,0.2867143838049244,0.11299021353010688,0.8761592062756672,0.036207793615924855,1.179341451716335,-0.06412858586651127,0.7879886086193915,-0.08489745820072042,0.5442064852066342,-0.04153824704274561,-0.04414316582584204,1.0487700670325852,0.05599250811672163,0.03454010342321445,-0.03713236641430229,1.0494434355598572,1.065279088809561,0.08610679104735955,0.1820022136420837,0.8726822597830254,0.059593240669130076,0.7100375611573777,0.1901406893363015,0.09928250622261647,0.048985598652769996,1.0856286272381603,1.1003650303738353,1.0381244380750585,1.0548763648762711,0.049819997360723456,0.8120673819103315,1.2377945936961061,0.18494286225829648,0.05637244881462333,0.7454488922591072,0.07956016147404643,0.05438219574916098,-0.07612898058351775
14,0.11869318807576544,1.2376220575425196,0.9830542479939266,1.0854490898033329,0.4921635057643987,1.0330926074185947,0.04489212953709726,0.4195208000519147,1.2386272193852874,0.12470751321855766,0.7332011990325721,-0.19671214627366843,0.2867143838049244,0.11299021353010688,0.8761592062756672,0.036207793615924855,1.179341451716335,-0.06412858586651127,0.7879886086193915,-0.08489745820072042,0.5442064852066342,-0.04153824704274561,-0.04414316582584204,1.0487700670325852,0.05599250811672163,0.03454010342321445,-0.03713236641430229,1.0494434355598572,1.065279088809561,0.08610679104735955,0.1820022136420837,0.8726822597830254,0.059593240669130076,0.7100375611573777,0.1901406893363015,0.09928250622261647,0.048985598652769996,1.0856286272381603,1.1003650303738353,1.0381244380750585,1.0548763648762711,0.049819997360723456,0.8120673819103315,1.2377945936961061,0.18494286225829648,0.05637244881462333,0.7454488922591072,0.07956016147404643,0.05438219574916098,-0.07612898058351775
15,0.12397185486375195,1.218457795461267,0.9770739261114381,1.0686788229313222,0.486769127000712,1.021106169021876,0.05005678791293247,0.40877301050044046,1.219522751815695,0.14110416022536082,0.7146555931018436,-0.18324857411211923,0.29464810942099573,0.12453472882216671,0.8765264324680632,0.050511500214303895,1.162085270125192,-0.042233997517485244,0.7858780912165242,-0.06781805791285372,0.5525432392171774,-0.021390898912925838,-0.04127833979049391,1.030302918870738,0.06485704509234314,0.05471844844283219,-0.02042726448261567,1.0309483728338225,1.051212434838957,0.08738913338401928,0.20119626218698178,0.8709189352657857,0.06379914342433088,0.6919805197842814,0.18791411895938087,0.10522405968046694,0.05436943085383794,1.0655661671925727,1.081947457340465,1.0153103797524528,1.0368455579430342,0.06834386453523555,0.7989298026834893,1.2183441332834848,0.20481997015994852,0.0762305991254757,0.7387728659484893,0.09989914290102297,0.06534249877692022,-0.05816621522228288
17,0.11869318807576544,1.2376220575425196,0.9830542479939266,1.0854490898033329,0.4921635057643987,1.0330926074185947,0.04489212953709726,0.4195208000519147,1.2386272193852874,0.12470751321855766,0.7332011990325721,-0.19671214627366843,0.2867143838049244,0.11299021353010688,0.8761592062756672,0.036207793615924855,1.179341451716335,-0.06412858586651127,0.7879886086193915,-0.08489745820072042,0.5442064852066342,-0.04153824704274561,-0.04414316582584204,1.0487700670325852,0.05599250811672163,0.03454010342321445,-0.03713236641430229,1.0494434355598572,1.065279088809561,0.08610679104735955,0.1820022136420837,0.8726822597830254,0.059593240669130076,0.7100375611573777,0.1901406893363015,0.09928250622261647,0.048985598652769996,1.0856286272381603,1.1003650303738353,1.0381244380750585,1.0548763648762711,0.049819997360723456,0.8120673819103315,1.2377945936961061,0.18494286225829648,0.05637244881462333,0.7454488922591072,0.07956016147404643,0.05438219574916098,-0.07612898058351775
18,-0.01797669852134237,1.1549324754223398,0.8060410051923829,0.8848345570980556,0.690881376433855,0.827918565016676,0.23430384386421244,0.40136119106722645,1.1592714361147478,0.27228713145378775,0.7303985419510755,-0.17468075486637094,0.0975581776076126,-0.05889058072882286,0.7229342158183575,0.2395779979467741,1.0442588858402018,-0.014643713669713954,0.9374616346573609,0.11504840969931518,0.3782846529396961,-0.17005577816852196,-0.039130156183024505,0.8697250957507479,-0.07637316381649509,-0.10664252747646774,0.16186048756353277,1.1754375547531732,0.8632344444848046,0.23655131770349555,0.09134908848919698,0.9741506492753655,0.24466670649448083,0.685336092669387,0.3414731959869797,-0.033125548656523535,0.24396446397029364,1.1957150927511806,0.915268714594405,1.0759696565023713,0.865290192402367,-0.10234819539138262,0.6355242347043751,1.1704266535003338,0.13783190375341292,-0.08677759015547915,0.5370820217553891,-0.04258840234091499,-0.09362397262129568,0.11806222807402245
19,0.03590510586009585,1.2227912184294814,0.8960407721860744,1.0025923375805805,0.6089404771914484,0.9402075500803975,0.13994712587525882,0.426575906515527,1.2255184815127627,0.17925775972725233,0.7609205746996676,-0.2059405228706793,0.17114247366200575,0.0011364830023753436,0.7920965232064614,0.12445571498639751,1.1329556214206729,-0.07169482064224064,0.872756226813725,-0.002892526121498651,0.4406580867785214,-0.14333245624595342,-0.045929687449169136,0.9803413184493943,-0.030105362927254714,-0.07420347915142134,0.04494359043861579,1.1472571305482941,0.9773795580446301,0.16605319148881784,0.10234151368126188,0.9307473638486836,0.15379652826417067,0.7250550567214333,0.2761044478924786,0.0177710823477569,0.14672818171711305,1.1772469304637885,1.0285610690388032,1.0947218663753209,0.9800162070406742,-0.06229988373427042,0.7365970150762629,1.2317629785976276,0.1279286250583498,-0.05293811591264774,0.6424497354348753,-0.01906616561110852,-0.04354230968212486,0.001347500544544633
20,0.15533811656941734,1.2138036344903673,1.0041517700239058,1.0888051205992624,0.44357334759374706,1.047149113515747,0.0197774693114961,0.40083928488436915,1.214302770619713,0.13058958567293377,0.6955822673855724,-0.17317487830596498,0.3387238049333267,0.16916739243539403,0.9058250706064138,0.027258184607123148,1.1693333993865318,-0.028428901529872208,0.7554447689156099,-0.08749144745853005,0.592661061551842,0.024152912003231608,-0.039196162069799916,1.044565920691159,0.09920134129255612,0.10268467315559288,-0.04031646112943266,0.9876270937806473,1.0744662010675836,0.06035865600318177,0.23858820879308446,0.8499100999861451,0.03332499056103011,0.67755545944189,0.15700728545461567,0.1364868496498162,0.023271362140097562,1.0235896538394087,1.097404626224996,0.9840559908527235,1.0535586727839394,0.11663411323623746,0.8183539496259367,1.2104965821196547,0.23471835328204071,0.12422959850606152,0.7710311743497785,0.14444380751518376,0.10485300367340711,-0.07582012613132022
21,0.009428186876827754,1.1390660476579284,0.822934451050542,0.8894786036624768,0.6543447259497263,0.8401638734745618,0.2144355000357543,0.38838683113883155,1.1430101642907553,0.2747626194636409,0.7038889821016506,-0.15832443688428696,0.13639873672844893,-0.01730554944849988,0.7456029895175225,0.23095623592445108,1.038730590031349,0.009982079141279354,0.9128049286574726,0.11094959478466027,0.4143535280393404,-0.12225034785037087,-0.03569676651884537,0.8687904578394341,-0.044386071117901854,-0.056962433702409165,0.15735614767555767,1.1303945637291903,0.8720087322706696,0.21667817572350254,0.1323009083676473,0.9569328575405477,0.22403369173928897,0.6626992041124823,0.3163794351215552,-0.005374334712623996,0.22360993257759232,1.15069552313019,0.9152802377751882,1.0373932286454537,0.8665116453630299,-0.05348213243850475,0.641962744462828,1.1519314187008212,0.1734846467492207,-0.037277957352394364,0.5574953611914051,0.004575036649479891,-0.056335860515767666,0.11607675714060067
22,0.2374521945295463,1.2003280189835517,1.0742988099905135,1.1400777331909455,0.33062238914277003,1.1141771301275551,-0.058770199728250205,0.3794081745664042,1.1993567795797806,0.10433970812718629,0.644572522447843,-0.14597601079228098,0.4541463139323991,0.28629510026068117,0.9822056675475547,-0.03233700716167509,1.187010246475168,0.009086676314263964,0.6759846040569641,-0.13756202264449663,0.6977973257622544,0.1442595779074789,-0.033568545381569816,1.0804390533134516,0.1893283765699028,0.22910653764589461,-0.09097574630883187,0.8734286273874015,1.1340792223481233,-0.00999501945019321,0.3373834300628474,0.7950353604520486,-0.04579779499306785,0.6386938240260296,0.07630495546788588,0.21837784523487494,-0.05739464180852638,0.9127856394195573,1.1363933450564614,0.9010014387025891,1.0958476697876243,0.24378416991960628,0.8680519265506557,1.1886786062943657,0.31403268849395205,0.2507143799695189,0.8546300750418359,0.26196007539251653,0.20859087462121362,-0.12056569996022831
23,0.15005944978143082,1.2329678965716195,1.0101320919063943,1.1055753874712733,0.4489677263574338,1.0591355519124657,0.014612810935660858,0.4115870744358434,1.2334072381893053,0.11419293866613067,0.7141278733163009,-0.18663845046751412,0.33079007931725546,0.15762287714333414,0.9054578444140179,0.012954478008744053,1.1865895809776748,-0.05032348987889812,0.757555286318477,-0.10457084774639674,0.5843243075412987,0.004005563873411888,-0.042060988105148044,1.0630330688530063,0.09033680431693461,0.08250632813597508,-0.057021563061119385,1.0061221565066818,1.0885328550381874,0.05907631366652205,0.21939416024818637,0.8516734245033848,0.029119087805829308,0.6956125008149863,0.15923385583153632,0.13054529619196573,0.01788752993902959,1.0436521138849961,1.115822199258366,1.0068700491753293,1.0715894797171763,0.09811024606172536,0.8314915288527787,1.229947042532276,0.21484124538038868,0.10437144819520916,0.7777072006603962,0.12410482608820722,0.09389270064564786,-0.09378289149255509
24,0.11869318807576544,1.2376220575425196,0.9830542479939266,1.0854490898033329,0.4921635057643987,1.0330926074185947,0.04489212953709726,0.4195208000519147,1.2386272193852874,0.12470751321855766,0.7332011990325721,-0.19671214627366843,0.2867143838049244,0.11299021353010688,0.8761592062756672,0.036207793615924855,1.179341451716335,-0.06412858586651127,0.7879886086193915,-0.08489745820072042,0.5442064852066342,-0.04153824704274561,-0.04414316582584204,1.0487700670325852,0.05599250811672163,0.03454010342321445,-0.03713236641430229,1.0494434355598572,1.065279088809561,0.08610679104735955,0.1820022136420837,0.8726822597830254,0.059593240669130076,0.7100375611573777,0.1901406893363015,0.09928250622261647,0.048985598652769996,1.0856286272381603,1.1003650303738353,1.0381244380750585,1.0548763648762711,0.049819997360723456,0.8120673819103315,1.2377945936961061,0.18494286225829648,0.05637244881462333,0.7454488922591072,0.07956016147404643,0.05438219574916098,-0.07612898058351775
25,0.15005944978143082,1.2329678965716195,1.0101320919063943,1.1055753874712733,0.4489677263574338,1.0591355519124657,0.014612810935660858,0.4115870744358434,1.2334072381893053,0.11419293866613067,0.7141278733163009,-0.18663845046751412,0.33079007931725546,0.15762287714333414,0.9054578444140179,0.012954478008744053,1.1865895809776748,-0.05032348987889812,0.757555286318477,-0.10457084774639674,0.5843243075412987,0.004005563873411888,-0.042060988105148044,1.0630330688530063,0.09033680431693461,0.08250632813597508,-0.057021563061119385,1.0061221565066818,1.0885328550381874,0.05907631366652205,0.21939416024818637,0.8516734245033848,0.029119087805829308,0.6956125008149863,0.15923385583153632,0.13054529619196573,0.01788752993902959,1.0436521138849961,1.115822199258366,1.0068700491753293,1.0715894797171763,0.09811024606172536,0.8314915288527787,1.229947042532276,0.21484124538038868,0.10437144819520916,0.7777072006603962,0.12410482608820722,0.09389270064564786,-0.09378289149255509
28,0.013778887249912108,1.2194933841126403,0.8731670044454267,0.9811780241441485,0.6400827489118905,0.9159758032257929,0.16498012807955229,0.42880247689244766,1.2226752857671628,0.19317891872420234,0.768884528618364,-0.20883326869121413,0.14023564015724055,-0.028904032985888006,0.7697949756996924,0.14738118360709968,1.1212277356383826,-0.07442602510420804,0.8953024154107463,0.01828568908102307,0.41292596568942025,-0.17099053843428497,-0.046498251078000145,0.9628088081988606,-0.05322791865022655,-0.10370522790586245,0.06615303225827757,1.1738050588462428,0.9545386162881613,0.18720867580547068,0.0805837423477096,0.9462018310662617,0.1786354457745635,0.7296349039052418,0.2989716383809826,-0.004038578138292281,0.1724665453108824,1.2022040400391916,1.0101319728246496,1.1104842359096327,0.9607639471467742,-0.09264207951263626,0.7170209260909677,1.2308077529845187,0.11215298996419398,-0.08257959840488038,0.6153603696882415,-0.04589062317452708,-0.0698701187598938,0.02129573683920144
29,0.004578830708451859,1.169670737803322,0.8358803636413787,0.9191402271072246,0.657974318497017,0.8627517843738629,0.20243472544146823,0.4049171081141313,1.1734502949128043,0.24685239782916457,0.7317717129717471,-0.17901553489296393,0.1287452188308646,-0.030763455758610114,0.7484929202094033,0.20493275626892815,1.067649545840999,-0.023972664455024773,0.9126143186094502,0.08083926355102522,0.40557368981234504,-0.14958690525159962,-0.04010679105568964,0.9005131671891761,-0.054711155341877454,-0.08406108317221228,0.1278286926855997,1.1553092349084535,0.8976468486925648,0.21137620664302673,0.10554409415836807,0.9572994171424464,0.21356854128268726,0.6903408080625553,0.316321156989357,-0.011313773478182132,0.21115536575808574,1.17831862730866,0.9470644688126182,1.070766174486937,0.8978165218960343,-0.0778522513696478,0.6656345215409822,1.1826213672361097,0.14472541609023037,-0.0638521110098711,0.5721889547799868,-0.023192005593863474,-0.06945352979194297,0.0847705380479622
30,0.15533811656941734,1.2138036344903673,1.0041517700239058,1.0888051205992624,0.44357334759374706,1.047149113515747,0.0197774693114961,0.40083928488436915,1.214302770619713,0.13058958567293377,0.6955822673855724,-0.17317487830596498,0.3387238049333267,0.16916739243539403,0.9058250706064138,0.027258184607123148,1.1693333993865318,-0.028428901529872208,0.7554447689156099,-0.08749144745853005,0.592661061551842,0.024152912003231608,-0.039196162069799916,1.044565920691159,0.09920134129255612,0.10268467315559288,-0.04031646112943266,0.9876270937806473,1.0744662010675836,0.06035865600318177,0.23858820879308446,0.8499100999861451,0.03332499056103011,0.67755545944189,0.15700728545461567,0.1364868496498162,0.023271362140097562,1.0235896538394087,1.097404626224996,0.9840559908527235,1.0535586727839394,0.11663411323623746,0.8183539496259367,1.2104965821196547,0.23471835328204071,0.12422959850606152,0.7710311743497785,0.14444380751518376,0.10485300367340711,-0.07582012613132022
31,0.09313793686471038,1.2183370602796773,0.9477636198688217,1.0437443876010437,0.5297108348630035,0.9913232742277063,0.08244349681140536,0.4141673892641272,1.2199978369871554,0.1560813003257785,0.7294872973905979,-0.19014479317822966,0.25145233001403067,0.08168995772673426,0.8465591875762037,0.07802417938745532,1.1502399859735002,-0.05080479484286482,0.8165641785312024,-0.04326934034276492,0.51351129088412,-0.06297271028634194,-0.04268280669923411,1.0109508446352558,0.03188370044463493,0.010659104936380726,0.0042472517831438905,1.0706719357515375,1.0237598545764783,0.11545061945077645,0.16773490196046192,0.8920239861610584,0.09614081760591592,0.7021678156678909,0.21905639067982305,0.07466565765096639,0.08765218945460662,1.1035095378192943,1.0613828060669874,1.0415496419508778,1.0150910872996866,0.02352938573068236,0.7756438543346761,1.2214267715307958,0.17922168005739847,0.03205582600677587,0.7039695507167887,0.05939143583794759,0.027603925631825788,-0.035463849620547105
32,0.0411837726480824,1.203626956348229,0.8900604503035859,0.9858220707085696,0.6035460984277616,0.9282211116836787,0.145111784251094,0.41582811696405275,1.2064140139431703,0.19565440673405549,0.742374968768939,-0.1924769507091301,0.17907619927807705,0.012680998294435253,0.7924637493988573,0.1387594215847766,1.11569943982953,-0.04980023229321462,0.8706457094108578,0.014186874166368102,0.4489948407890647,-0.12318510811613353,-0.043064861413820994,0.9618741702875468,-0.02124082595163318,-0.05402513413180354,0.061648692370302405,1.1287620678222596,0.9633129040740264,0.16733553382547756,0.12153556222616002,0.9289840393314438,0.15800243101937145,0.706998015348337,0.2738778775155579,0.023712635805607424,0.152112013918181,1.1571844704182008,1.010143496005433,1.071907808052715,0.961985400107437,-0.04377601655975827,0.7234594358494206,1.212312518185006,0.14780573296000188,-0.03307996560179527,0.6357737091242576,0.0012728158158680225,-0.03258200665436556,0.01931026590577961
33,0.08785927007672388,1.23750132236093,0.9537439417513104,1.0605146544730544,0.5351052136266902,1.003309712624425,0.0772788384355701,0.4249151788156015,1.2391023045567477,0.13968465331897534,0.7480329033213264,-0.2036083653397788,0.24351860439795944,0.07014544243467452,0.8461919613838078,0.06372047278907628,1.1674961675646431,-0.07269938319189073,0.8186746959340696,-0.060348740630631614,0.5051745368735767,-0.0831200584161616,-0.04554763273458224,1.0294179927971032,0.02301916346901345,-0.009519240083237013,-0.012457850148542726,1.089166998477572,1.0378265085470821,0.1141682771141167,0.1485408534155639,0.8937873106782982,0.09193491485071509,0.7202248570409872,0.22128296105674364,0.06872410419311595,0.0822683572535387,1.1235719978648817,1.0798003791003576,1.0643637002734836,1.0331218942329237,0.005005518556170263,0.7887814335615182,1.2408772319434174,0.1593445721557465,0.01219767569592356,0.7106455770274065,0.03905245441097116,0.016643622604066544,-0.05342661498178197
34,0.15005944978143082,1.2329678965716195,1.0101320919063943,1.1055753874712733,0.4489677263574338,1.0591355519124657,0.014612810935660858,0.4115870744358434,1.2334072381893053,0.11419293866613067,0.7141278733163009,-0.18663845046751412,0.33079007931725546,0.15762287714333414,0.9054578444140179,0.012954478008744053,1.1865895809776748,-0.05032348987889812,0.757555286318477,-0.10457084774639674,0.5843243075412987,0.004005563873411888,-0.042060988105148044,1.0630330688530063,0.09033680431693461,0.08250632813597508,-0.057021563061119385,1.0061221565066818,1.0885328550381874,0.05907631366652205,0.21939416024818637,0.8516734245033848,0.029119087805829308,0.6956125008149863,0.15923385583153632,0.13054529619196573,0.01788752993902959,1.0436521138849961,1.115822199258366,1.0068700491753293,1.0715894797171763,0.09811024606172536,0.8314915288527787,1.229947042532276,0.21484124538038868,0.10437144819520916,0.7777072006603962,0.12410482608820722,0.09389270064564786,-0.09378289149255509
35,0.11869318807576544,1.2376220575425196,0.9830542479939266,1.0854490898033329,0.4921635057643987,1.0330926074185947,0.04489212953709726,0.4195208000519147,1.2386272193852874,0.12470751321855766,0.7332011990325721,-0.19671214627366843,0.2867143838049244,0.11299021353010688,0.8761592062756672,0.036207793615924855,1.179341451716335,-0.06412858586651127,0.7879886086193915,-0.08489745820072042,0.5442064852066342,-0.04153824704274561,-0.04414316582584204,1.0487700670325852,0.05599250811672163,0.03454010342321445,-0.03713236641430229,1.0494434355598572,1.065279088809561,0.08610679104735955,0.1820022136420837,0.8726822597830254,0.059593240669130076,0.7100375611573777,0.1901406893363015,0.09928250622261647,0.048985598652769996,1.0856286272381603,1.1003650303738353,1.0381244380750585,1.0548763648762711,0.049819997360723456,0.8120673819103315,1.2377945936961061,0.18494286225829648,0.05637244881462333,0.7454488922591072,0.07956016147404643,0.05438219574916098,-0.07612898058351775
36,0.05935357536625088,1.2439310117453222,0.9303967506930703,1.0446364406334423,0.5741371619597477,0.9816010529116779,0.10356867293957839,0.4332519328261448,1.2460276583559797,0.14706604313718147,0.7672022638980853,-0.21417186863812468,0.20340078206329482,0.02910049802067116,0.8201115179977307,0.08267275565118198,1.1631204087189007,-0.0875879177401756,0.8459721370265213,-0.044910007054311196,0.4685256755490621,-0.12600435606571164,-0.047740862920418965,1.0189533440697716,-0.008562172575602628,-0.05455994687783439,0.003217461245078934,1.1298784653383367,1.0188454529264683,0.13803566637221726,0.1130148795817475,0.9126680442417514,0.11851264188496641,0.7352050207399093,0.2490150821458448,0.04023102109194035,0.10925954876661528,1.1632760252836754,1.0682685898344837,1.0948687508434827,1.0204277064269984,-0.04012511415833042,0.7730924036738998,1.2501790098883196,0.1303960651365046,-0.03283383319033162,0.6827779882568658,-0.0029668793131721882,-0.01977954760604056,-0.03988823677948111
39,0.15533811656941734,1.2138036344903673,1.0041517700239058,1.0888051205992624,0.44357334759374706,1.047149113515747,0.0197774693114961,0.40083928488436915,1.214302770619713,0.13058958567293377,0.6955822673855724,-0.17317487830596498,0.3387238049333267,0.16916739243539403,0.9058250706064138,0.027258184607123148,1.1693333993865318,-0.028428901529872208,0.7554447689156099,-0.08749144745853005,0.592661061551842,0.024152912003231608,-0.039196162069799916,1.044565920691159,0.09920134129255612,0.10268467315559288,-0.04031646112943266,0.9876270937806473,1.0744662010675836,0.06035865600318177,0.23858820879308446,0.8499100999861451,0.03332499056103011,0.67755545944189,0.15700728545461567,0.1364868496498162,0.023271362140097562,1.0235896538394087,1.097404626224996,0.9840559908527235,1.0535586727839394,0.11663411323623746,0.8183539496259367,1.2104965821196547,0.23471835328204071,0.12422959850606152,0.7710311743497785,0.14444380751518376,0.10485300367340711,-0.07582012613132022
40,0.05935357536625088,1.2439310117453222,0.9303967506930703,1.0446364406334423,0.5741371619597477,0.9816010529116779,0.10356867293957839,0.4332519328261448,1.2460276583559797,0.14706604313718147,0.7672022638980853,-0.21417186863812468,0.20340078206329482,0.02910049802067116,0.8201115179977307,0.08267275565118198,1.1631204087189007,-0.0875879177401756,0.8459721370265213,-0.044910007054311196,0.4685256755490621,-0.12600435606571164,-0.047740862920418965,1.0189533440697716,-0.008562172575602628,-0.05455994687783439,0.003217461245078934,1.1298784653383367,1.0188454529264683,0.13803566637221726,0.1130148795817475,0.9126680442417514,0.11851264188496641,0.7352050207399093,0.2490150821458448,0.04023102109194035,0.10925954876661528,1.1632760252836754,1.0682685898344837,1.0948687508434827,1.0204277064269984,-0.04012511415833042,0.7730924036738998,1.2501790098883196,0.1303960651365046,-0.03283383319033162,0.6827779882568658,-0.0029668793131721882,-0.01977954760604056,-0.03988823677948111
41,0.15005944978143082,1.2329678965716195,1.0101320919063943,1.1055753874712733,0.4489677263574338,1.0591355519124657,0.014612810935660858,0.4115870744358434,1.2334072381893053,0.11419293866613067,0.7141278733163009,-0.18663845046751412,0.33079007931725546,0.15762287714333414,0.9054578444140179,0.012954478008744053,1.1865895809776748,-0.05032348987889812,0.757555286318477,-0.10457084774639674,0.5843243075412987,0.004005563873411888,-0.042060988105148044,1.0630330688530063,0.09033680431693461,0.08250632813597508,-0.057021563061119385,1.0061221565066818,1.0885328550381874,0.05907631366652205,0.21939416024818637,0.8516734245033848,0.029119087805829308,0.6956125008149863,0.15923385583153632,0.13054529619196573,0.01788752993902959,1.0436521138849961,1.115822199258366,1.0068700491753293,1.0715894797171763,0.09811024606172536,0.8314915288527787,1.229947042532276,0.21484124538038868,0.10437144819520916,0.7777072006603962,0.12410482608820722,0.09389270064564786,-0.09378289149255509
42,0.15005944978143082,1.2329678965716195,1.0101320919063943,1.1055753874712733,0.4489677263574338,1.0591355519124657,0.014612810935660858,0.4115870744358434,1.2334072381893053,0.11419293866613067,0.7141278733163009,-0.18663845046751412,0.33079007931725546,0.15762287714333414,0.9054578444140179,0.012954478008744053,1.1865895809776748,-0.05032348987889812,0.757555286318477,-0.10457084774639674,0.5843243075412987,0.004005563873411888,-0.042060988105148044,1.0630330688530063,0.09033680431693461,0.08250632813597508,-0.057021563061119385,1.0061221565066818,1.0885328550381874,0.05907631366652205,0.21939416024818637,0.8516734245033848,0.029119087805829308,0.6956125008149863,0.15923385583153632,0.13054529619196573,0.01788752993902959,1.0436521138849961,1.115822199258366,1.0068700491753293,1.0715894797171763,0.09811024606172536,0.8314915288527787,1.229947042532276,0.21484124538038868,0.10437144819520916,0.7777072006603962,0.12410482608820722,0.09389270064564786,-0.09378289149255509
43,0.013778887249912108,1.2194933841126403,0.8731670044454267,0.9811780241441485,0.6400827489118905,0.9159758032257929,0.16498012807955229,0.42880247689244766,1.2226752857671628,0.19317891872420234,0.768884528618364,-0.20883326869121413,0.14023564015724055,-0.028904032985888006,0.7697949756996924,0.14738118360709968,1.1212277356383826,-0.07442602510420804,0.8953024154107463,0.01828568908102307,0.41292596568942025,-0.17099053843428497,-0.046498251078000145,0.9628088081988606,-0.05322791865022655,-0.10370522790586245,0.06615303225827757,1.1738050588462428,0.9545386162881613,0.18720867580547068,0.0805837423477096,0.9462018310662617,0.1786354457745635,0.7296349039052418,0.2989716383809826,-0.004038578138292281,0.1724665453108824,1.2022040400391916,1.0101319728246496,1.1104842359096327,0.9607639471467742,-0.09264207951263626,0.7170209260909677,1.2308077529845187,0.11215298996419398,-0.08257959840488038,0.6153603696882415,-0.04589062317452708,-0.0698701187598938,0.02129573683920144
44,0.0411837726480824,1.203626956348229,0.8900604503035859,0.9858220707085696,0.6035460984277616,0.9282211116836787,0.145111784251094,0.41582811696405275,1.2064140139431703,0.19565440673405549,0.742374968768939,-0.1924769507091301,0.17907619927807705,0.012680998294435253,0.7924637493988573,0.1387594215847766,1.11569943982953,-0.04980023229321462,0.8706457094108578,0.014186874166368102,0.4489948407890647,-0.12318510811613353,-0.043064861413820994,0.9618741702875468,-0.02124082595163318,-0.05402513413180354,0.061648692370302405,1.1287620678222596,0.9633129040740264,0.16733553382547756,0.12153556222616002,0.9289840393314438,0.15800243101937145,0.706998015348337,0.2738778775155579,0.023712635805607424,0.152112013918181,1.1571844704182008,1.010143496005433,1.071907808052715,0.961985400107437,-0.04377601655975827,0.7234594358494206,1.212312518185006,0.14780573296000188,-0.03307996560179527,0.6357737091242576,0.0012728158158680225,-0.03258200665436556,0.01931026590577961
46,-0.01269803173335593,1.1357682133410871,0.8000606833098943,0.8680642902260447,0.6854869976701683,0.8159321266199572,0.23946850224004773,0.3906134015157522,1.1401669685451554,0.28868377846059096,0.7118529360203469,-0.16121718270482174,0.10549190322368379,-0.04734606543676312,0.7233014420107533,0.2538817045451533,1.0270027042490588,0.007250874679312069,0.9353511172544938,0.132127809987182,0.3866214069502393,-0.1499084300387023,-0.03626533014767636,0.8512579475889004,-0.06750862684087364,-0.08646418245685017,0.17856558949521945,1.1569424920271385,0.8491677905142008,0.23783366004015535,0.11054313703409502,0.9723873247581257,0.24887260924968174,0.6672790512962907,0.33924662561005914,-0.027183995198673122,0.24934829617136167,1.1756526327055932,0.8968511415610346,1.0531555981797656,0.8472593854691299,-0.08382432821687058,0.6223866554775329,1.1509761930877125,0.157709011655065,-0.0669194398446269,0.5304059954447712,-0.022249420913938445,-0.08266366959353649,0.13602499343525742
47,0.09313793686471038,1.2183370602796773,0.9477636198688217,1.0437443876010437,0.5297108348630035,0.9913232742277063,0.08244349681140536,0.4141673892641272,1.2199978369871554,0.1560813003257785,0.7294872973905979,-0.19014479317822966,0.25145233001403067,0.08168995772673426,0.8465591875762037,0.07802417938745532,1.1502399859735002,-0.05080479484286482,0.8165641785312024,-0.04326934034276492,0.51351129088412,-0.06297271028634194,-0.04268280669923411,1.0109508446352558,0.03188370044463493,0.010659104936380726,0.0042472517831438905,1.0706719357515375,1.0237598545764783,0.11545061945077645,0.16773490196046192,0.8920239861610584,0.09614081760591592,0.7021678156678909,0.21905639067982305,0.07466565765096639,0.08765218945460662,1.1035095378192943,1.0613828060669874,1.0415496419508778,1.0150910872996866,0.02352938573068236,0.7756438543346761,1.2214267715307958,0.17922168005739847,0.03205582600677587,0.7039695507167887,0.05939143583794759,0.027603925631825788,-0.035463849620547105
48,0.15005944978143082,1.2329678965716195,1.0101320919063943,1.1055753874712733,0.4489677263574338,1.0591355519124657,0.014612810935660858,0.4115870744358434,1.2334072381893053,0.11419293866613067,0.7141278733163009,-0.18663845046751412,0.33079007931725546,0.15762287714333414,0.9054578444140179,0.012954478008744053,1.1865895809776748,-0.05032348987889812,0.757555286318477,-0.10457084774639674,0.5843243075412987,0.004005563873411888,-0.042060988105148044,1.0630330688530063,0.09033680431693461,0.08250632813597508,-0.057021563061119385,1.0061221565066818,1.0885328550381874,0.05907631366652205,0.21939416024818637,0.8516734245033848,0.029119087805829308,0.6956125008149863,0.15923385583153632,0.13054529619196573,0.01788752993902959,1.0436521138849961,1.115822199258366,1.0068700491753293,1.0715894797171763,0.09811024606172536,0.8314915288527787,1.229947042532276,0.21484124538038868,0.10437144819520916,0.7777072006603962,0.12410482608820722,0.09389270064564786,-0.09378289149255509
49,0.0411837726480824,1.203626956348229,0.8900604503035859,0.9858220707085696,0.6035460984277616,0.9282211116836787,0.145111784251094,0.41582811696405275,1.2064140139431703,0.19565440673405549,0.742374968768939,-0.1924769507091301,0.17907619927807705,0.012680998294435253,0.7924637493988573,0.1387594215847766,1.11569943982953,-0.04980023229321462,0.8706457094108578,0.014186874166368102,0.4489948407890647,-0.12318510811613353,-0.043064861413820994,0.9618741702875468,-0.02124082595163318,-0.05402513413180354,0.061648692370302405,1.1287620678222596,0.9633129040740264,0.16733553382547756,0.12153556222616002,0.9289840393314438,0.15800243101937145,0.706998015348337,0.2738778775155579,0.023712635805607424,0.152112013918181,1.1571844704182008,1.010143496005433,1.071907808052715,0.961985400107437,-0.04377601655975827,0.7234594358494206,1.212312518185006,0.14780573296000188,-0.03307996560179527,0.6357737091242576,0.0012728158158680225,-0.03258200665436556,0.01931026590577961
50,0.0267050493186356,1.172968572120163,0.8587541313820264,0.9405545405436566,0.6268320467765749,0.8869835312284676,0.17740172323717476,0.40269053773721053,1.1762934906584042,0.2329312388322145,0.7238077590530507,-0.1761227890724291,0.15965205233562985,-0.0007229397703467644,0.7707944677161724,0.18200728764822593,1.0793774316232891,-0.021241459993057377,0.890068130012429,0.0596610483485035,0.4333058109014462,-0.12192882306326808,-0.039538227426858634,0.9180456774397097,-0.031588599618905616,-0.054559334417771166,0.10661925086593782,1.1287613066105053,0.9204877904490336,0.19022072232637388,0.12730186549192035,0.9418449499248683,0.18872962377229446,0.6857609608787467,0.293453966500853,0.010495887007867022,0.18541700216431634,1.1533615177332568,0.9654935650267717,1.055003804952625,0.9170687817899342,-0.04751005559128196,0.6852106105262774,1.1835765928492183,0.1605010511843863,-0.03421062851763845,0.5992783205266207,0.003632451969555084,-0.04312572071417409,0.0648223017533055
51,0.05935357536625088,1.2439310117453222,0.9303967506930703,1.0446364406334423,0.5741371619597477,0.9816010529116779,0.10356867293957839,0.4332519328261448,1.2460276583559797,0.14706604313718147,0.7672022638980853,-0.21417186863812468,0.20340078206329482,0.02910049802067116,0.8201115179977307,0.08267275565118198,1.1631204087189007,-0.0875879177401756,0.8459721370265213,-0.044910007054311196,0.4685256755490621,-0.12600435606571164,-0.047740862920418965,1.0189533440697716,-0.008562172575602628,-0.05455994687783439,0.003217461245078934,1.1298784653383367,1.0188454529264683,0.13803566637221726,0.1130148795817475,0.9126680442417514,0.11851264188496641,0.7352050207399093,0.2490150821458448,0.04023102109194035,0.10925954876661528,1.1632760252836754,1.0682685898344837,1.0948687508434827,1.0204277064269984,-0.04012511415833042,0.7730924036738998,1.2501790098883196,0.1303960651365046,-0.03283383319033162,0.6827779882568658,-0.0029668793131721882,-0.01977954760604056,-0.03988823677948111
53,0.009428186876827754,1.1390660476579284,0.822934451050542,0.8894786036624768,0.6543447259497263,0.8401638734745618,0.2144355000357543,0.38838683113883155,1.1430101642907553,0.2747626194636409,0.7038889821016506,-0.15832443688428696,0.13639873672844893,-0.01730554944849988,0.7456029895175225,0.23095623592445108,1.038730590031349,0.009982079141279354,0.9128049286574726,0.11094959478466027,0.4143535280393404,-0.12225034785037087,-0.03569676651884537,0.8687904578394341,-0.044386071117901854,-0.056962433702409165,0.15735614767555767,1.1303945637291903,0.8720087322706696,0.21667817572350254,0.1323009083676473,0.9569328575405477,0.22403369173928897,0.6626992041124823,0.3163794351215552,-0.005374334712623996,0.22360993257759232,1.15069552313019,0.9152802377751882,1.0373932286454537,0.8665116453630299,-0.05348213243850475,0.641962744462828,1.1519314187008212,0.1734846467492207,-0.037277957352394364,0.5574953611914051,0.004575036649479891,-0.056335860515767666,0.11607675714060067
54,0.11869318807576544,1.2376220575425196,0.9830542479939266,1.0854490898033329,0.4921635057643987,1.0330926074185947,0.04489212953709726,0.4195208000519147,1.2386272193852874,0.12470751321855766,0.7332011990325721,-0.19671214627366843,0.2867143838049244,0.11299021353010688,0.8761592062756672,0.036207793615924855,1.179341451716335,-0.06412858586651127,0.7879886086193915,-0.08489745820072042,0.5442064852066342,-0.04153824704274561,-0.04414316582584204,1.0487700670325852,0.05599250811672163,0.03454010342321445,-0.03713236641430229,1.0494434355598572,1.065279088809561,0.08610679104735955,0.1820022136420837,0.8726822597830254,0.059593240669130076,0.7100375611573777,0.1901406893363015,0.09928250622261647,0.048985598652769996,1.0856286272381603,1.1003650303738353,1.0381244380750585,1.0548763648762711,0.049819997360723456,0.8120673819103315,1.2377945936961061,0.18494286225829648,0.05637244881462333,0.7454488922591072,0.07956016147404643,0.05438219574916098,-0.07612898058351775
55,0.15533811656941734,1.2138036344903673,1.0041517700239058,1.0888051205992624,0.44357334759374706,1.047149113515747,0.0197774693114961,0.40083928488436915,1.214302770619713,0.13058958567293377,0.6955822673855724,-0.17317487830596498,0.3387238049333267,0.16916739243539403,0.9058250706064138,0.027258184607123148,1.1693333993865318,-0.028428901529872208,0.7554447689156099,-0.08749144745853005,0.592661061551842,0.024152912003231608,-0.039196162069799916,1.044565920691159,0.09920134129255612,0.10268467315559288,-0.04031646112943266,0.9876270937806473,1.0744662010675836,0.06035865600318177,0.23858820879308446,0.8499100999861451,0.03332499056103011,0.67755545944189,0.15700728545461567,0.1364868496498162,0.023271362140097562,1.0235896538394087,1.097404626224996,0.9840559908527235,1.0535586727839394,0.11663411323623746,0.8183539496259367,1.2104965821196547,0.23471835328204071,0.12422959850606152,0.7710311743497785,0.14444380751518376,0.10485300367340711,-0.07582012613132022
56,0.11869318807576544,1.2376220575425196,0.9830542479939266,1.0854490898033329,0.4921635057643987,1.0330926074185947,0.04489212953709726,0.4195208000519147,1.2386272193852874,0.12470751321855766,0.7332011990325721,-0.19671214627366843,0.2867143838049244,0.11299021353010688,0.8761592062756672,0.036207793615924855,1.179341451716335,-0.06412858586651127,0.7879886086193915,-0.08489745820072042,0.5442064852066342,-0.04153824704274561,-0.04414316582584204,1.0487700670325852,0.05599250811672163,0.03454010342321445,-0.03713236641430229,1.0494434355598572,1.065279088809561,0.08610679104735955,0.1820022136420837,0.8726822597830254,0.059593240669130076,0.7100375611573777,0.1901406893363015,0.09928250622261647,0.048985598652769996,1.0856286272381603,1.1003650303738353,1.0381244380750585,1.0548763648762711,0.049819997360723456,0.8120673819103315,1.2377945936961061,0.18494286225829648,0.05637244881462333,0.7454488922591072,0.07956016147404643,0.05438219574916098,-0.07612898058351775
57,0.0411837726480824,1.203626956348229,0.8900604503035859,0.9858220707085696,0.6035460984277616,0.9282211116836787,0.145111784251094,0.41582811696405275,1.2064140139431703,0.19565440673405549,0.742374968768939,-0.1924769507091301,0.17907619927807705,0.012680998294435253,0.7924637493988573,0.1387594215847766,1.11569943982953,-0.04980023229321462,0.8706457094108578,0.014186874166368102,0.4489948407890647,-0.12318510811613353,-0.043064861413820994,0.9618741702875468,-0.02124082595163318,-0.05402513413180354,0.061648692370302405,1.1287620678222596,0.9633129040740264,0.16733553382547756,0.12153556222616002,0.9289840393314438,0.15800243101937145,0.706998015348337,0.2738778775155579,0.023712635805607424,0.152112013918181,1.1571844704182008,1.010143496005433,1.071907808052715,0.961985400107437,-0.04377601655975827,0.7234594358494206,1.212312518185006,0.14780573296000188,-0.03307996560179527,0.6357737091242576,0.0012728158158680225,-0.03258200665436556,0.01931026590577961
58,0.0411837726480824,1.203626956348229,0.8900604503035859,0.9858220707085696,0.6035460984277616,0.9282211116836787,0.145111784251094,0.41582811696405275,1.2064140139431703,0.19565440673405549,0.742374968768939,-0.1924769507091301,0.17907619927807705,0.012680998294435253,0.7924637493988573,0.1387594215847766,1.11569943982953,-0.04980023229321462,0.8706457094108578,0.014186874166368102,0.4489948407890647,-0.12318510811613353,-0.043064861413820994,0.9618741702875468,-0.02124082595163318,-0.05402513413180354,0.061648692370302405,1.1287620678222596,0.9633129040740264,0.16733553382547756,0.12153556222616002,0.9289840393314438,0.15800243101937145,0.706998015348337,0.2738778775155579,0.023712635805607424,0.152112013918181,1.1571844704182008,1.010143496005433,1.071907808052715,0.961985400107437,-0.04377601655975827,0.7234594358494206,1.212312518185006,0.14780573296000188,-0.03307996560179527,0.6357737091242576,0.0012728158158680225,-0.03258200665436556,0.01931026590577961
59,0.0411837726480824,1.203626956348229,0.8900604503035859,0.9858220707085696,0.6035460984277616,0.9282211116836787,0.145111784251094,0.41582811696405275,1.2064140139431703,0.19565440673405549,0.742374968768939,-0.1924769507091301,0.17907619927807705,0.012680998294435253,0.7924637493988573,0.1387594215847766,1.11569943982953,-0.04980023229321462,0.8706457094108578,0.014186874166368102,0.4489948407890647,-0.12318510811613353,-0.043064861413820994,0.9618741702875468,-0.02124082595163318,-0.05402513413180354,0.061648692370302405,1.1287620678222596,0.9633129040740264,0.16733553382547756,0.12153556222616002,0.9289840393314438,0.15800243101937145,0.706998015348337,0.2738778775155579,0.023712635805607424,0.152112013918181,1.1571844704182008,1.010143496005433,1.071907808052715,0.961985400107437,-0.04377601655975827,0.7234594358494206,1.212312518185006,0.14780573296000188,-0.03307996560179527,0.6357737091242576,0.0012728158158680225,-0.03258200665436556,0.01931026590577961
60,-0.26126213824862277,0.5784841670889522,0.24486257185919458,0.056985622016297865,1.088407306608791,0.08041723609743234,0.8110866623496731,0.14922193930654917,0.5923777329364104,0.9592284912487226,0.36727310737884666,0.13936216802956333,-0.22710370517938028,-0.27066650662557784,0.34360789666358726,1.027020082317582,0.3723282121931309,0.5304942989133405,1.273857338477003,0.9471462901138228,0.11994902766387117,-0.10731931373595299,0.028512761046035246,0.06368808860451652,-0.2399596361572228,-0.07524764613226076,0.9843690435970074,1.1380603032644592,0.08368611908648382,0.6405364986894779,0.23126311652370468,1.1961622030655432,0.7921028627563786,0.27636994009600097,0.6803297138822525,-0.2529374262610914,0.8389935078736521,1.0881320735976858,0.09492425205674537,0.733392853286609,0.041049517940117686,-0.1304192519164774,-0.06188139301704049,0.6271191169816104,0.40065725726111007,-0.06649122071497648,-0.11651552635940776,0.039887419305637994,-0.25641325355947037,0.9526087653220212
61,-0.17335165979462067,0.3325422594183654,0.18724056176714876,-0.1420110964443393,0.9911006085187346,-0.053999390773777134,0.8562276056124405,0.007722946124900737,0.3468141496167329,1.1599345911817647,0.11950382874921889,0.31670620589318366,-0.0970321972331315,-0.09447090140550196,0.3679016136158568,1.1926678611779322,0.15854162036550612,0.8171654267702448,1.2267144947733113,1.1503635153010066,0.25247391476373954,0.1784897982662179,0.06620752733561898,-0.1607396085228157,-0.1046178082648683,0.21257811308784036,1.182699029812356,0.8746764775743655,-0.07895776824132295,0.6386642316995027,0.4995286720107368,1.1597363254065205,0.8249652258744942,0.03790707811736338,0.631398989133815,-0.15669716647746598,0.886362645461649,0.8057899293966324,-0.12807477370421327,0.42337414653695254,-0.17620702379413183,0.13666056118938397,-0.21532062275605174,0.3754101821052233,0.6725541410047078,0.21729946332048605,-0.17947970339661412,0.3274548405984012,-0.09105365605054855,1.168372506339504
62,-0.17335165979462067,0.3325422594183654,0.18724056176714876,-0.1420110964443393,0.9911006085187346,-0.053999390773777134,0.8562276056124405,0.007722946124900737,0.3468141496167329,1.1599345911817647,0.11950382874921889,0.31670620589318366,-0.0970321972331315,-0.09447090140550196,0.3679016136158568,1.1926678611779322,0.15854162036550612,0.8171654267702448,1.2267144947733113,1.1503635153010066,0.25247391476373954,0.1784897982662179,0.06620752733561898,-0.1607396085228157,-0.1046178082648683,0.21257811308784036,1.182699029812356,0.8746764775743655,-0.07895776824132295,0.6386642316995027,0.4995286720107368,1.1597363254065205,0.8249652258744942,0.03790707811736338,0.631398989133815,-0.15669716647746598,0.886362645461649,0.8057899293966324,-0.12807477370421327,0.42337414653695254,-0.17620702379413183,0.13666056118938397,-0.21532062275605174,0.3754101821052233,0.6725541410047078,0.21729946332048605,-0.17947970339661412,0.3274548405984012,-0.09105365605054855,1.168372506339504
63,-0.20434394114337864,0.39729785515963495,0.19497174599723688,-0.09592694245421973,1.0276446069925655,-0.026158971791732877,0.8525659022505299,0.046367455082420225,0.4116214830276032,1.1108700296042013,0.18854016500485654,0.26823774445477194,-0.14227169500306402,-0.15177126683826975,0.3538875452141768,1.1560236441538083,0.21184765451282095,0.7394724034958506,1.2469301598351674,1.1030695812294695,0.20764616298502087,0.09263584287434767,0.05592106156050991,-0.10653793741549772,-0.14864812748147918,0.12556339647687098,1.1367244624280919,0.9541509649493515,-0.043089568499221964,0.6462877704091753,0.42035944225271105,1.174694401843092,0.8245265157253843,0.1033117773479979,0.6522015348542585,-0.18981367969664228,0.8823416725163483,0.8898060950136323,-0.07455755709374057,0.5117069203451572,-0.12450482805828539,0.05491888563143671,-0.1808183941545038,0.44249890229817196,0.594426326827002,0.1313183400916031,-0.1717370380064076,0.24141063640170163,-0.14420211856718868,1.1173044031537032
64,-0.2463131635884562,0.574591997901175,0.2568080439782314,0.06474189526140889,1.0679912251317196,0.09133834470467694,0.7975901695912118,0.14458353254866607,0.5882300151357329,0.9558717637320788,0.3567861936435902,0.14523500881063395,-0.20605047993042735,-0.24902752282496904,0.35715584205695594,1.0175967798599788,0.3740999547677827,0.5388561547870854,1.2596272327766358,0.9396270824081413,0.1392133210578982,-0.08447655704107199,0.029734111212516914,0.06858527478344267,-0.2233104139334087,-0.051284686409527325,0.9767162024737439,1.1163932071183034,0.09313121862537721,0.6281850135218614,0.2502588652096632,1.1863109242008234,0.7784291820651827,0.2680716140269345,0.665870623637995,-0.23797580827668477,0.8251393134811386,1.0669425253231832,0.10037678331753125,0.716898471521165,0.04711660003835083,-0.10645750972679846,-0.054118157110956855,0.6217278765404896,0.4162586795356667,-0.04254230438184381,-0.1022438361591147,0.062286755307352226,-0.23719015985698938,0.9461015280674265
65,-0.20612901798532982,0.5521659851846987,0.28206018090092916,0.07247175649158111,1.0143314489624125,0.11004109985140753,0.7679885408972267,0.12598876698367367,0.5652179604304147,0.9586722729782254,0.3186149911123216,0.16868124297285247,-0.14912161942749758,-0.18823496916207688,0.39060369891140473,1.0041229220276846,0.366837217201565,0.5740717997954763,1.2233353125267403,0.9326860684794613,0.19202921733524075,-0.014948691102391443,0.03465374643130327,0.06816745695387189,-0.17654814133873195,0.021009219463375195,0.9691959915648405,1.050857586914192,0.10681790840399547,0.5987785474890333,0.3097180819949099,1.1609833396228688,0.7477485790343815,0.23559236864030206,0.6289395042271864,-0.19731489398689514,0.7948084852959704,1.001523135659835,0.10135324546491298,0.6611347405414268,0.049859190687976895,-0.03527920740930729,-0.043928286834444774,0.5954357404383578,0.46785903397193773,0.02950185869685107,-0.07175887096435929,0.1308568359626635,-0.1827109179394133,0.9422345259743535
66,-0.2314971116392576,0.5071976933189754,0.23222357235570712,0.002752273607830258,1.0542382191808615,0.04557959033240755,0.8196803223985154,0.10745024305587109,0.5211182743391751,1.0153389657542762,0.293382239277394,0.19173439854405883,-0.1834002260696751,-0.2136394779019511,0.35480896886501023,1.0712272170167532,0.31199091956012714,0.6147948696946457,1.2559321337361247,1.0026567606484802,0.16378606923139782,-0.018688481410955637,0.039636054441740676,0.0013072815974430885,-0.19614652256548928,0.014311600419408765,1.0384451566451869,1.0561888131635886,0.040341530998493025,0.6361002483986824,0.3136810514238148,1.182673389345881,0.7971429778820316,0.2058215760857346,0.6618228743261294,-0.22079566498972583,0.8481088396038222,1.0010112034404965,0.033125885306470926,0.6398719314405908,-0.01891890997135609,-0.04676987607425742,-0.10313548354158208,0.5537162144296203,0.4830370064149766,0.021914196483683812,-0.12994118337918792,0.12887899019785648,-0.2032362582708815,1.012012884482743
68,-0.26835026885882707,0.6459487525184867,0.2768160439991889,0.1252684630584709,1.0913937267458536,0.133676134003597,0.7808570714414564,0.1850237268284206,0.6594100862885915,0.8959680074705605,0.4269931742302888,0.09456555836536089,-0.23892890163431146,-0.2953251252228914,0.3534754124998492,0.9664544637742417,0.4374462649987536,0.45666107494711317,1.2698550109055127,0.877919558012354,0.10515542593285476,-0.16271289637500214,0.018957345481217663,0.13586173722210182,-0.2588661168373191,-0.12982767463653067,0.9164122424530035,1.1883331548944502,0.14339540950884028,0.6255755020187352,0.1761992789018907,1.1945063089634977,0.7652629320189177,0.33610076054938326,0.6765657820186586,-0.26246018213937605,0.8076591890213701,1.144581929140133,0.1673750439571624,0.8038812538247373,0.1125827450023581,-0.17889764626161886,-0.006992175094911235,0.6943976497627491,0.3402623204928811,-0.11990182390198245,-0.08006904986276209,-0.016580309280875283,-0.2809181027977215,0.880961923854569
69,-0.19947022320951094,0.3609990316016744,0.1787846591726192,-0.13181338378121676,1.0245619687452543,-0.053794356480854955,0.8677196450730866,0.02691699466979884,0.37553477078445613,1.1443960885837487,0.15589487873789798,0.29257996455891333,-0.1344241438392343,-0.13703006006156876,0.34960757762626854,1.1876688183022055,0.17721440799864097,0.7794968904511514,1.248029343319599,1.1394771889041937,0.2169479409299232,0.12387226103562243,0.061111132787463274,-0.14470986861632557,-0.13734138801482468,0.15644717480577924,1.172444392101491,0.9257338894973329,-0.07427601416097807,0.6533740499037328,0.451139375028746,1.1748601990209189,0.83785781594681,0.0708203032833703,0.6531567604673674,-0.1836393475667409,0.8980590824890025,0.8581263220877606,-0.11283695168535113,0.47287514401481656,-0.16224959069559314,0.08254529857707743,-0.2095543194902914,0.4061901148812583,0.6278047424236911,0.16157681240165062,-0.19015306929709985,0.27318814681046866,-0.12971912324646628,1.155077729055027
70,-0.2314971116392576,0.5071976933189754,0.23222357235570712,0.002752273607830258,1.0542382191808615,0.04557959033240755,0.8196803223985154,0.10745024305587109,0.5211182743391751,1.0153389657542762,0.293382239277394,0.19173439854405883,-0.1834002260696751,-0.2136394779019511,0.35480896886501023,1.0712272170167532,0.31199091956012714,0.6147948696946457,1.2559321337361247,1.0026567606484802,0.16378606923139782,-0.018688481410955637,0.039636054441740676,0.0013072815974430885,-0.19614652256548928,0.014311600419408765,1.0384451566451869,1.0561888131635886,0.040341530998493025,0.6361002483986824,0.3136810514238148,1.182673389345881,0.7971429778820316,0.2058215760857346,0.6618228743261294,-0.22079566498972583,0.8481088396038222,1.0010112034404965,0.033125885306470926,0.6398719314405908,-0.01891890997135609,-0.04676987607425742,-0.10313548354158208,0.5537162144296203,0.4830370064149766,0.021914196483683812,-0.12994118337918792,0.12887899019785648,-0.2032362582708815,1.012012884482743
72,-0.17335165979462067,0.3325422594183654,0.18724056176714876,-0.1420110964443393,0.9911006085187346,-0.053999390773777134,0.8562276056124405,0.007722946124900737,0.3468141496167329,1.1599345911817647,0.11950382874921889,0.31670620589318366,-0.0970321972331315,-0.09447090140550196,0.3679016136158568,1.1926678611779322,0.15854162036550612,0.8171654267702448,1.2267144947733113,1.1503635153010066,0.25247391476373954,0.1784897982662179,0.06620752733561898,-0.1607396085228157,-0.1046178082648683,0.21257811308784036,1.182699029812356,0.8746764775743655,-0.07895776824132295,0.6386642316995027,0.4995286720107368,1.1597363254065205,0.8249652258744942,0.03790707811736338,0.631398989133815,-0.15669716647746598,0.886362645461649,0.8057899293966324,-0.12807477370421327,0.42337414653695254,-0.17620702379413183,0.13666056118938397,-0.21532062275605174,0.3754101821052233,0.6725541410047078,0.21729946332048605,-0.17947970339661412,0.3274548405984012,-0.09105365605054855,1.168372506339504
74,-0.21733859272889824,0.7137247732057713,0.36404652624038514,0.24062686757681534,1.0134572831630027,0.24312916362700066,0.6895549236548503,0.210703964080939,0.7256304732585839,0.8044034083147784,0.45883615278924067,0.06270963315962481,-0.16936341145647538,-0.23927051643560676,0.41983051718419184,0.8539640027940452,0.5249685471509556,0.3988882813423503,1.2080176810794396,0.7623430000061533,0.16390179551506923,-0.1398116085707342,0.012036860127064359,0.24459544778934744,-0.21565559307425022,-0.10144274261975716,0.8018701185162178,1.1638067637173934,0.25491521690839974,0.5577121145576242,0.18412717768178777,1.1530744474280148,0.6774395309118045,0.376707210543049,0.6141074337472047,-0.2144053877108326,0.7135622726199595,1.1295951176456156,0.2786714266177641,0.8250076369366348,0.22520271747200066,-0.14298038787604683,0.09184926330620591,0.7559504106735347,0.32803399813467754,-0.09012847724696937,0.02201197455651499,0.003221273883237341,-0.2343325117760458,0.7664418229744233
75,-0.26126213824862277,0.5784841670889522,0.24486257185919458,0.056985622016297865,1.088407306608791,0.08041723609743234,0.8110866623496731,0.14922193930654917,0.5923777329364104,0.9592284912487226,0.36727310737884666,0.13936216802956333,-0.22710370517938028,-0.27066650662557784,0.34360789666358726,1.027020082317582,0.3723282121931309,0.5304942989133405,1.273857338477003,0.9471462901138228,0.11994902766387117,-0.10731931373595299,0.028512761046035246,0.06368808860451652,-0.2399596361572228,-0.07524764613226076,0.9843690435970074,1.1380603032644592,0.08368611908648382,0.6405364986894779,0.23126311652370468,1.1961622030655432,0.7921028627563786,0.27636994009600097,0.6803297138822525,-0.2529374262610914,0.8389935078736521,1.0881320735976858,0.09492425205674537,0.733392853286609,0.041049517940117686,-0.1304192519164774,-0.06188139301704049,0.6271191169816104,0.40065725726111007,-0.06649122071497648,-0.11651552635940776,0.039887419305637994,-0.25641325355947037,0.9526087653220212
76,-0.23549391486648444,0.7762715459662738,0.3826852824903105,0.2946144670284099,1.0323539908778872,0.2813571388117652,0.6736708322061208,0.2459458112792229,0.7879999803598419,0.7513361575228081,0.5198128526184549,0.018558605206874523,-0.19655594735928317,-0.2782377956478049,0.4177317226347725,0.8081044798246337,0.5809353197219662,0.3271688837135829,1.2158280124674703,0.7073348305651221,0.13551889128537808,-0.2068198090513524,0.002644140307448497,0.30428920413569766,-0.2455791350744452,-0.16862653800563832,0.7480874036275318,1.225366234776462,0.3000028271130049,0.5543696201272877,0.12047439440506069,1.1594637631841858,0.6646833773454377,0.4359497644907019,0.6223102549971324,-0.23471603497392615,0.6969897347489643,1.196216954144382,0.3381669490373026,0.900258852815059,0.28340012908613,-0.20478680272104466,0.13402962212273697,0.8195275364444328,0.26238797445530965,-0.1562706538239217,0.042756439078767805,-0.06438013457754987,-0.27123958779651197,0.7084949671465537
79,-0.26835026885882707,0.6459487525184867,0.2768160439991889,0.1252684630584709,1.0913937267458536,0.133676134003597,0.7808570714414564,0.1850237268284206,0.6594100862885915,0.8959680074705605,0.4269931742302888,0.09456555836536089,-0.23892890163431146,-0.2953251252228914,0.3534754124998492,0.9664544637742417,0.4374462649987536,0.45666107494711317,1.2698550109055127,0.877919558012354,0.10515542593285476,-0.16271289637500214,0.018957345481217663,0.13586173722210182,-0.2588661168373191,-0.12982767463653067,0.9164122424530035,1.1883331548944502,0.14339540950884028,0.6255755020187352,0.1761992789018907,1.1945063089634977,0.7652629320189177,0.33610076054938326,0.6765657820186586,-0.26246018213937605,0.8076591890213701,1.144581929140133,0.1673750439571624,0.8038812538247373,0.1125827450023581,-0.17889764626161886,-0.006992175094911235,0.6943976497627491,0.3402623204928811,-0.11990182390198245,-0.08006904986276209,-0.016580309280875283,-0.2809181027977215,0.880961923854569
80,-0.17335165979462067,0.3325422594183654,0.18724056176714876,-0.1420110964443393,0.9911006085187346,-0.053999390773777134,0.8562276056124405,0.007722946124900737,0.3468141496167329,1.1599345911817647,0.11950382874921889,0.31670620589318366,-0.0970321972331315,-0.09447090140550196,0.3679016136158568,1.1926678611779322,0.15854162036550612,0.8171654267702448,1.2267144947733113,1.1503635153010066,0.25247391476373954,0.1784897982662179,0.06620752733561898,-0.1607396085228157,-0.1046178082648683,0.21257811308784036,1.182699029812356,0.8746764775743655,-0.07895776824132295,0.6386642316995027,0.4995286720107368,1.1597363254065205,0.8249652258744942,0.03790707811736338,0.631398989133815,-0.15669716647746598,0.886362645461649,0.8057899293966324,-0.12807477370421327,0.42337414653695254,-0.17620702379413183,0.13666056118938397,-0.21532062275605174,0.3754101821052233,0.6725541410047078,0.21729946332048605,-0.17947970339661412,0.3274548405984012,-0.09105365605054855,1.168372506339504
81,-0.2522028286736415,0.5388588009173031,0.23073784836778521,0.020817946552804,1.0798365092834115,0.053847716738229745,0.8237100749729485,0.12732735095752318,0.5529117904192552,0.9940253156922789,0.32982538006893175,0.1667808036422393,-0.21329860919176735,-0.2493757601811492,0.3425659187573079,1.0582436214519186,0.3359427155368185,0.5752416514433978,1.2713386309456105,0.9839298513018913,0.13483756221215593,-0.06816809852187733,0.03435077696308447,0.024347985838160835,-0.2236158762417734,-0.03618126009315714,1.0203863820661665,1.1022131555055807,0.05295624891848694,0.6448740719323349,0.2689316528427981,1.193785388875354,0.8027415416110135,0.2396530719907322,0.6775985094202852,-0.24249117741432138,0.8521238724825092,1.0489376631313587,0.05561375518624884,0.6878066281742086,0.0024670666989898837,-0.09481853969913667,-0.09044016531719773,0.5870946300263095,0.44021047551235803,-0.028093708109246385,-0.1324086234573426,0.07949935395034491,-0.2360233427319825,0.9911075267877836
82,-0.2256074465540723,0.5429308903028472,0.2582937679661534,0.04667622231643509,1.0423929350291696,0.08307021829885475,0.7935604170167787,0.12470642464701397,0.5564364990556528,0.977185413794076,0.32034305285205245,0.17018860371245345,-0.1761520968083351,-0.21329124054577092,0.36939889216465827,1.0305803754248133,0.35014815879109135,0.5784093730383333,1.2442207355671497,0.9583539917547303,0.1681618280771402,-0.03499693993015024,0.03501938869117312,0.04554457054272493,-0.19584106025712464,-0.0007918258969613068,0.9947749770527644,1.0703688647763112,0.0805165007053833,0.619411189988209,0.2950082637906799,1.1751989246713503,0.7728306183362008,0.23424011812193693,0.6500949885438392,-0.21628029585208922,0.8211242806024517,1.019016065632321,0.07788891343775323,0.6689637747875474,0.025730623368004912,-0.05840884610191921,-0.06681347533534115,0.5883494609438004,0.45908521043828526,0.007465600211086332,-0.0997763960809599,0.11166639155486385,-0.20440307539588848,0.9670068857623857
83,-0.2553724731634375,0.6142173640728242,0.2709327674696409,0.1009095707249027,1.076562022457099,0.11790786406387965,0.7849667569679362,0.16647812089769207,0.6276959576528882,0.9210749392885225,0.3942339209535052,0.11781637319795793,-0.21985557591804028,-0.27031826926939756,0.35819781996323535,0.9863732407256418,0.4104854514240952,0.4941088022570281,1.2621459403080282,0.9028435212200729,0.12432478650961354,-0.1236277722551476,0.02389609529546768,0.10792537754979847,-0.23965417384885804,-0.09035107244863083,0.9406988640045847,1.1522403548771818,0.12386108879337432,0.6238474402790043,0.21259032889056978,1.1886877383910126,0.7677905032105476,0.30478848213220333,0.6686018280999622,-0.2484220571234547,0.8120089488722814,1.1061369357895103,0.13968728018802778,0.7624846966335656,0.08569905127947874,-0.1420582219441393,-0.025559384810799446,0.6617523634957906,0.37670546128441873,-0.08093981698757402,-0.08635073906117974,0.022674820662645367,-0.25758007068447736,0.907602766601664
84,-0.18122419314421254,0.40511213740274177,0.22137686456963024,-0.0687605418438807,0.994658331937506,0.0030511042662665355,0.823970396656811,0.04627787410711466,0.41892387133046427,1.0920064660276285,0.18386324365188084,0.26846357982580854,-0.11009972959294367,-0.12134037044502877,0.37827503499483434,1.1277393606618862,0.22849309159616388,0.7376749972977886,1.222655966110533,1.07609452705098,0.23624678301960522,0.11856925016560266,0.05591758851919969,-0.08325887447258179,-0.1252204013927374,0.15351277519345075,1.1097971025922853,0.9290737754979741,-0.014949926439806416,0.6227964908301834,0.4400281180669786,1.1581247921835645,0.7963538717824219,0.10224071780860491,0.6276005677751063,-0.16718638189980192,0.8529242984170975,0.8668174432563707,-0.05030566949523618,0.4994086502818652,-0.09943449970247448,0.08415260671869723,-0.1564641741354979,0.4478056817652841,0.6073822093279385,0.1594911341760208,-0.1405544952627048,0.26638748272113255,-0.11771666153871208,1.0914853900093697
85,-0.20612901798532982,0.5521659851846987,0.28206018090092916,0.07247175649158111,1.0143314489624125,0.11004109985140753,0.7679885408972267,0.12598876698367367,0.5652179604304147,0.9586722729782254,0.3186149911123216,0.16868124297285247,-0.14912161942749758,-0.18823496916207688,0.39060369891140473,1.0041229220276846,0.366837217201565,0.5740717997954763,1.2233353125267403,0.9326860684794613,0.19202921733524075,-0.014948691102391443,0.03465374643130327,0.06816745695387189,-0.17654814133873195,0.021009219463375195,0.9691959915648405,1.050857586914192,0.10681790840399547,0.5987785474890333,0.3097180819949099,1.1609833396228688,0.7477485790343815,0.23559236864030206,0.6289395042271864,-0.19731489398689514,0.7948084852959704,1.001523135659835,0.10135324546491298,0.6611347405414268,0.049859190687976895,-0.03527920740930729,-0.043928286834444774,0.5954357404383578,0.46785903397193773,0.02950185869685107,-0.07175887096435929,0.1308568359626635,-0.1827109179394133,0.9422345259743535
86,-0.18381397415121206,0.44164130407073376,0.23986195304199298,-0.030784355342310055,0.9945375967559165,0.03308974238885376,0.806294111267015,0.06544213618836717,0.45519492575688003,1.0571522048387352,0.21559463209754326,0.2444904288737606,-0.11475389056384333,-0.13295655008858293,0.38482971037861735,1.0938368361996513,0.2642262885800358,0.6980496311261395,1.219247526496333,1.037622939728601,0.22981709363521313,0.0902625343913544,0.05080126306520438,-0.043402142341527006,-0.13412188709357334,0.12574675262540996,1.0720079460637248,0.954683396554705,0.018486563480595297,0.6135613959483319,0.4115713458836696,1.1563743497531984,0.7805145181224138,0.13416585331990397,0.6243027334582651,-0.17110537942578205,0.8346136738562648,0.8958432298969932,-0.010249832162165684,0.5365082673467978,-0.059827274472176006,0.0597204691599838,-0.12580578990743213,0.48410450532324467,0.5757211017296108,0.1323628909501386,-0.11941470194686399,0.2374557798276003,-0.1294562033102734,1.0517783013255184
88,-0.26126213824862277,0.5784841670889522,0.24486257185919458,0.056985622016297865,1.088407306608791,0.08041723609743234,0.8110866623496731,0.14922193930654917,0.5923777329364104,0.9592284912487226,0.36727310737884666,0.13936216802956333,-0.22710370517938028,-0.27066650662557784,0.34360789666358726,1.027020082317582,0.3723282121931309,0.5304942989133405,1.273857338477003,0.9471462901138228,0.11994902766387117,-0.10731931373595299,0.028512761046035246,0.06368808860451652,-0.2399596361572228,-0.07524764613226076,0.9843690435970074,1.1380603032644592,0.08368611908648382,0.6405364986894779,0.23126311652370468,1.1961622030655432,0.7921028627563786,0.27636994009600097,0.6803297138822525,-0.2529374262610914,0.8389935078736521,1.0881320735976858,0.09492425205674537,0.733392853286609,0.041049517940117686,-0.1304192519164774,-0.06188139301704049,0.6271191169816104,0.40065725726111007,-0.06649122071497648,-0.11651552635940776,0.039887419305637994,-0.25641325355947037,0.9526087653220212
89,-0.2314971116392576,0.5071976933189754,0.23222357235570712,0.002752273607830258,1.0542382191808615,0.04557959033240755,0.8196803223985154,0.10745024305587109,0.5211182743391751,1.0153389657542762,0.293382239277394,0.19173439854405883,-0.1834002260696751,-0.2136394779019511,0.35480896886501023,1.0712272170167532,0.31199091956012714,0.6147948696946457,1.2559321337361247,1.0026567606484802,0.16378606923139782,-0.018688481410955637,0.039636054441740676,0.0013072815974430885,-0.19614652256548928,0.014311600419408765,1.0384451566451869,1.0561888131635886,0.040341530998493025,0.6361002483986824,0.3136810514238148,1.182673389345881,0.7971429778820316,0.2058215760857346,0.6618228743261294,-0.22079566498972583,0.8481088396038222,1.0010112034404965,0.033125885306470926,0.6398719314405908,-0.01891890997135609,-0.04676987607425742,-0.10313548354158208,0.5537162144296203,0.4830370064149766,0.021914196483683812,-0.12994118337918792,0.12887899019785648,-0.2032362582708815,1.012012884482743
92,-0.2553724731634375,0.6142173640728242,0.2709327674696409,0.1009095707249027,1.076562022457099,0.11790786406387965,0.7849667569679362,0.16647812089769207,0.6276959576528882,0.9210749392885225,0.3942339209535052,0.11781637319795793,-0.21985557591804028,-0.27031826926939756,0.35819781996323535,0.9863732407256418,0.4104854514240952,0.4941088022570281,1.2621459403080282,0.9028435212200729,0.12432478650961354,-0.1236277722551476,0.02389609529546768,0.10792537754979847,-0.23965417384885804,-0.09035107244863083,0.9406988640045847,1.1522403548771818,0.12386108879337432,0.6238474402790043,0.21259032889056978,1.1886877383910126,0.7677905032105476,0.30478848213220333,0.6686018280999622,-0.2484220571234547,0.8120089488722814,1.1061369357895103,0.13968728018802778,0.7624846966335656,0.08569905127947874,-0.1420582219441393,-0.025559384810799446,0.6617523634957906,0.37670546128441873,-0.08093981698757402,-0.08635073906117974,0.022674820662645367,-0.25758007068447736,0.907602766601664
96,-0.19947022320951094,0.3609990316016744,0.1787846591726192,-0.13181338378121676,1.0245619687452543,-0.053794356480854955,0.8677196450730866,0.02691699466979884,0.37553477078445613,1.1443960885837487,0.15589487873789798,0.29257996455891333,-0.1344241438392343,-0.13703006006156876,0.34960757762626854,1.1876688183022055,0.17721440799864097,0.7794968904511514,1.248029343319599,1.1394771889041937,0.2169479409299232,0.12387226103562243,0.061111132787463274,-0.14470986861632557,-0.13734138801482468,0.15644717480577924,1.172444392101491,0.9257338894973329,-0.07427601416097807,0.6533740499037328,0.451139375028746,1.1748601990209189,0.83785781594681,0.0708203032833703,0.6531567604673674,-0.1836393475667409,0.8980590824890025,0.8581263220877606,-0.11283695168535113,0.47287514401481656,-0.16224959069559314,0.08254529857707743,-0.2095543194902914,0.4061901148812583,0.6278047424236911,0.16157681240165062,-0.19015306929709985,0.27318814681046866,-0.12971912324646628,1.155077729055027
99,-0.19947022320951094,0.3609990316016744,0.1787846591726192,-0.13181338378121676,1.0245619687452543,-0.053794356480854955,0.8677196450730866,0.02691699466979884,0.37553477078445613,1.1443960885837487,0.15589487873789798,0.29257996455891333,-0.1344241438392343,-0.13703006006156876,0.34960757762626854,1.1876688183022055,0.17721440799864097,0.7794968904511514,1.248029343319599,1.1394771889041937,0.2169479409299232,0.12387226103562243,0.061111132787463274,-0.14470986861632557,-0.13734138801482468,0.15644717480577924,1.172444392101491,0.9257338894973329,-0.07427601416097807,0.6533740499037328,0.451139375028746,1.1748601990209189,0.83785781594681,0.0708203032833703,0.6531567604673674,-0.1836393475667409,0.8980590824890025,0.8581263220877606,-0.11283695168535113,0.47287514401481656,-0.16224959069559314,0.08254529857707743,-0.2095543194902914,0.4061901148812583,0.6278047424236911,0.16157681240165062,-0.19015306929709985,0.27318814681046866,-0.12971912324646628,1.155077729055027
100,-0.19947022320951094,0.3609990316016744,0.1787846591726192,-0.13181338378121676,1.0245619687452543,-0.053794356480854955,0.8677196450730866,0.02691699466979884,0.37553477078445613,1.1443960885837487,0.15589487873789798,0.29257996455891333,-0.1344241438392343,-0.13703006006156876,0.34960757762626854,1.1876688183022055,0.17721440799864097,0.7794968904511514,1.248029343319599,1.1394771889041937,0.2169479409299232,0.12387226103562243,0.061111132787463274,-0.14470986861632557,-0.13734138801482468,0.15644717480577924,1.172444392101491,0.9257338894973329,-0.07427601416097807,0.6533740499037328,0.451139375028746,1.1748601990209189,0.83785781594681,0.0708203032833703,0.6531567604673674,-0.1836393475667409,0.8980590824890025,0.8581263220877606,-0.11283695168535113,0.47287514401481656,-0.16224959069559314,0.08254529857707743,-0.2095543194902914,0.4061901148812583,0.6278047424236911,0.16157681240165062,-0.19015306929709985,0.27318814681046866,-0.12971912324646628,1.155077729055027
101,-0.26126213824862277,0.5784841670889522,0.24486257185919458,0.056985622016297865,1.088407306608791,0.08041723609743234,0.8110866623496731,0.14922193930654917,0.5923777329364104,0.9592284912487226,0.36727310737884666,0.13936216802956333,-0.22710370517938028,-0.27066650662557784,0.34360789666358726,1.027020082317582,0.3723282121931309,0.5304942989133405,1.273857338477003,0.9471462901138228,0.11994902766387117,-0.10731931373595299,0.028512761046035246,0.06368808860451652,-0.2399596361572228,-0.07524764613226076,0.9843690435970074,1.1380603032644592,0.08368611908648382,0.6405364986894779,0.23126311652370468,1.1961622030655432,0.7921028627563786,0.27636994009600097,0.6803297138822525,-0.2529374262610914,0.8389935078736521,1.0881320735976858,0.09492425205674537,0.733392853286609,0.041049517940117686,-0.1304192519164774,-0.06188139301704049,0.6271191169816104,0.40065725726111007,-0.06649122071497648,-0.11651552635940776,0.039887419305637994,-0.25641325355947037,0.9526087653220212
102,-0.26126213824862277,0.5784841670889522,0.24486257185919458,0.056985622016297865,1.088407306608791,0.08041723609743234,0.8110866623496731,0.14922193930654917,0.5923777329364104,0.9592284912487226,0.36727310737884666,0.13936216802956333,-0.22710370517938028,-0.27066650662557784,0.34360789666358726,1.027020082317582,0.3723282121931309,0.5304942989133405,1.273857338477003,0.9471462901138228,0.11994902766387117,-0.10731931373595299,0.028512761046035246,0.06368808860451652,-0.2399596361572228,-0.07524764613226076,0.9843690435970074,1.1380603032644592,0.08368611908648382,0.6405364986894779,0.23126311652370468,1.1961622030655432,0.7921028627563786,0.27636994009600097,0.6803297138822525,-0.2529374262610914,0.8389935078736521,1.0881320735976858,0.09492425205674537,0.733392853286609,0.041049517940117686,-0.1304192519164774,-0.06188139301704049,0.6271191169816104,0.40065725726111007,-0.06649122071497648,-0.11651552635940776,0.039887419305637994,-0.25641325355947037,0.9526087653220212
104,-0.26126213824862277,0.5784841670889522,0.24486257185919458,0.056985622016297865,1.088407306608791,0.08041723609743234,0.8110866623496731,0.14922193930654917,0.5923777329364104,0.9592284912487226,0.36727310737884666,0.13936216802956333,-0.22710370517938028,-0.27066650662557784,0.34360789666358726,1.027020082317582,0.3723282121931309,0.5304942989133405,1.273857338477003,0.9471462901138228,0.11994902766387117,-0.10731931373595299,0.028512761046035246,0.06368808860451652,-0.2399596361572228,-0.07524764613226076,0.9843690435970074,1.1380603032644592,0.08368611908648382,0.6405364986894779,0.23126311652370468,1.1961622030655432,0.7921028627563786,0.27636994009600097,0.6803297138822525,-0.2529374262610914,0.8389935078736521,1.0881320735976858,0.09492425205674537,0.733392853286609,0.041049517940117686,-0.1304192519164774,-0.06188139301704049,0.6271191169816104,0.40065725726111007,-0.06649122071497648,-0.11651552635940776,0.039887419305637994,-0.25641325355947037,0.9526087653220212
105,-0.17335165979462067,0.3325422594183654,0.18724056176714876,-0.1420110964443393,0.9911006085187346,-0.053999390773777134,0.8562276056124405,0.007722946124900737,0.3468141496167329,1.1599345911817647,0.11950382874921889,0.31670620589318366,-0.0970321972331315,-0.09447090140550196,0.3679016136158568,1.1926678611779322,0.15854162036550612,0.8171654267702448,1.2267144947733113,1.1503635153010066,0.25247391476373954,0.1784897982662179,0.06620752733561898,-0.1607396085228157,-0.1046178082648683,0.21257811308784036,1.182699029812356,0.8746764775743655,-0.07895776824132295,0.6386642316995027,0.4995286720107368,1.1597363254065205,0.8249652258744942,0.03790707811736338,0.631398989133815,-0.15669716647746598,0.886362645461649,0.8057899293966324,-0.12807477370421327,0.42337414653695254,-0.17620702379413183,0.13666056118938397,-0.21532062275605174,0.3754101821052233,0.6725541410047078,0.21729946332048605,-0.17947970339661412,0.3274548405984012,-0.09105365605054855,1.168372506339504
106,-0.26835026885882707,0.6459487525184867,0.2768160439991889,0.1252684630584709,1.0913937267458536,0.133676134003597,0.7808570714414564,0.1850237268284206,0.6594100862885915,0.8959680074705605,0.4269931742302888,0.09456555836536089,-0.23892890163431146,-0.2953251252228914,0.3534754124998492,0.9664544637742417,0.4374462649987536,0.45666107494711317,1.2698550109055127,0.877919558012354,0.10515542593285476,-0.16271289637500214,0.018957345481217663,0.13586173722210182,-0.2588661168373191,-0.12982767463653067,0.9164122424530035,1.1883331548944502,0.14339540950884028,0.6255755020187352,0.1761992789018907,1.1945063089634977,0.7652629320189177,0.33610076054938326,0.6765657820186586,-0.26246018213937605,0.8076591890213701,1.144581929140133,0.1673750439571624,0.8038812538247373,0.1125827450023581,-0.17889764626161886,-0.006992175094911235,0.6943976497627491,0.3402623204928811,-0.11990182390198245,-0.08006904986276209,-0.016580309280875283,-0.2809181027977215,0.880961923854569
108,-0.2522028286736415,0.5388588009173031,0.23073784836778521,0.020817946552804,1.0798365092834115,0.053847716738229745,0.8237100749729485,0.12732735095752318,0.5529117904192552,0.9940253156922789,0.32982538006893175,0.1667808036422393,-0.21329860919176735,-0.2493757601811492,0.3425659187573079,1.0582436214519186,0.3359427155368185,0.5752416514433978,1.2713386309456105,0.9839298513018913,0.13483756221215593,-0.06816809852187733,0.03435077696308447,0.024347985838160835,-0.2236158762417734,-0.03618126009315714,1.0203863820661665,1.1022131555055807,0.05295624891848694,0.6448740719323349,0.2689316528427981,1.193785388875354,0.8027415416110135,0.2396530719907322,0.6775985094202852,-0.24249117741432138,0.8521238724825092,1.0489376631313587,0.05561375518624884,0.6878066281742086,0.0024670666989898837,-0.09481853969913667,-0.09044016531719773,0.5870946300263095,0.44021047551235803,-0.028093708109246385,-0.1324086234573426,0.07949935395034491,-0.2360233427319825,0.9911075267877836
109,-0.26835026885882707,0.6459487525184867,0.2768160439991889,0.1252684630584709,1.0913937267458536,0.133676134003597,0.7808570714414564,0.1850237268284206,0.6594100862885915,0.8959680074705605,0.4269931742302888,0.09456555836536089,-0.23892890163431146,-0.2953251252228914,0.3534754124998492,0.9664544637742417,0.4374462649987536,0.45666107494711317,1.2698550109055127,0.877919558012354,0.10515542593285476,-0.16271289637500214,0.018957345481217663,0.13586173722210182,-0.2588661168373191,-0.12982767463653067,0.9164122424530035,1.1883331548944502,0.14339540950884028,0.6255755020187352,0.1761992789018907,1.1945063089634977,0.7652629320189177,0.33610076054938326,0.6765657820186586,-0.26246018213937605,0.8076591890213701,1.144581929140133,0.1673750439571624,0.8038812538247373,0.1125827450023581,-0.17889764626161886,-0.006992175094911235,0.6943976497627491,0.3402623204928811,-0.11990182390198245,-0.08006904986276209,-0.016580309280875283,-0.2809181027977215,0.880961923854569
110,-0.2553724731634375,0.6142173640728242,0.2709327674696409,0.1009095707249027,1.076562022457099,0.11790786406387965,0.7849667569679362,0.16647812089769207,0.6276959576528882,0.9210749392885225,0.3942339209535052,0.11781637319795793,-0.21985557591804028,-0.27031826926939756,0.35819781996323535,0.9863732407256418,0.4104854514240952,0.4941088022570281,1.2621459403080282,0.9028435212200729,0.12432478650961354,-0.1236277722551476,0.02389609529546768,0.10792537754979847,-0.23965417384885804,-0.09035107244863083,0.9406988640045847,1.1522403548771818,0.12386108879337432,0.6238474402790043,0.21259032889056978,1.1886877383910126,0.7677905032105476,0.30478848213220333,0.6686018280999622,-0.2484220571234547,0.8120089488722814,1.1061369357895103,0.13968728018802778,0.7624846966335656,0.08569905127947874,-0.1420582219441393,-0.025559384810799446,0.6617523634957906,0.37670546128441873,-0.08093981698757402,-0.08635073906117974,0.022674820662645367,-0.25758007068447736,0.907602766601664
111,-0.24661423225091786,0.46605857982289534,0.19430354391755855,-0.05452235322222809,1.0794821592935406,-0.005606031735279182,0.8584898264958172,0.08905862130667815,0.4806177265222553,1.0632816430557608,0.266379862987566,0.21465436055752096,-0.20342446702488548,-0.2256313182747693,0.32991778958245543,1.1254294722818023,0.26489129383646887,0.6543329601322021,1.2777064157381575,1.0602628191995727,0.14819260539577994,-0.011177252808288685,0.044566970006545706,-0.054817549142300026,-0.20541853687972292,0.01976632204036488,1.0953575361413983,1.0506233119772599,-0.013301637141675315,0.6628906281889483,0.3261090461938303,1.1969815673508493,0.8338609491416684,0.1758857708528193,0.6837395394827264,-0.23425729659590674,0.8881554341152392,0.9905641355568697,-0.02393179176418836,0.613504283694704,-0.07616791998565814,-0.045504860615377396,-0.1512190728300295,0.5147090942252017,0.5036650991907657,0.0265843919510535,-0.1740575936164006,0.13772090431237866,-0.21210379079298008,1.0699284059004455
112,-0.2553724731634375,0.6142173640728242,0.2709327674696409,0.1009095707249027,1.076562022457099,0.11790786406387965,0.7849667569679362,0.16647812089769207,0.6276959576528882,0.9210749392885225,0.3942339209535052,0.11781637319795793,-0.21985557591804028,-0.27031826926939756,0.35819781996323535,0.9863732407256418,0.4104854514240952,0.4941088022570281,1.2621459403080282,0.9028435212200729,0.12432478650961354,-0.1236277722551476,0.02389609529546768,0.10792537754979847,-0.23965417384885804,-0.09035107244863083,0.9406988640045847,1.1522403548771818,0.12386108879337432,0.6238474402790043,0.21259032889056978,1.1886877383910126,0.7677905032105476,0.30478848213220333,0.6686018280999622,-0.2484220571234547,0.8120089488722814,1.1061369357895103,0.13968728018802778,0.7624846966335656,0.08569905127947874,-0.1420582219441393,-0.025559384810799446,0.6617523634957906,0.37670546128441873,-0.08093981698757402,-0.08635073906117974,0.022674820662645367,-0.25758007068447736,0.907602766601664
113,-0.2522028286736415,0.5388588009173031,0.23073784836778521,0.020817946552804,1.0798365092834115,0.053847716738229745,0.8237100749729485,0.12732735095752318,0.5529117904192552,0.9940253156922789,0.32982538006893175,0.1667808036422393,-0.21329860919176735,-0.2493757601811492,0.3425659187573079,1.0582436214519186,0.3359427155368185,0.5752416514433978,1.2713386309456105,0.9839298513018913,0.13483756221215593,-0.06816809852187733,0.03435077696308447,0.024347985838160835,-0.2236158762417734,-0.03618126009315714,1.0203863820661665,1.1022131555055807,0.05295624891848694,0.6448740719323349,0.2689316528427981,1.193785388875354,0.8027415416110135,0.2396530719907322,0.6775985094202852,-0.24249117741432138,0.8521238724825092,1.0489376631313587,0.05561375518624884,0.6878066281742086,0.0024670666989898837,-0.09481853969913667,-0.09044016531719773,0.5870946300263095,0.44021047551235803,-0.028093708109246385,-0.1324086234573426,0.07949935395034491,-0.2360233427319825,0.9911075267877836
114,-0.17335165979462067,0.3325422594183654,0.18724056176714876,-0.1420110964443393,0.9911006085187346,-0.053999390773777134,0.8562276056124405,0.007722946124900737,0.3468141496167329,1.1599345911817647,0.11950382874921889,0.31670620589318366,-0.0970321972331315,-0.09447090140550196,0.3679016136158568,1.1926678611779322,0.15854162036550612,0.8171654267702448,1.2267144947733113,1.1503635153010066,0.25247391476373954,0.1784897982662179,0.06620752733561898,-0.1607396085228157,-0.1046178082648683,0.21257811308784036,1.182699029812356,0.8746764775743655,-0.07895776824132295,0.6386642316995027,0.4995286720107368,1.1597363254065205,0.8249652258744942,0.03790707811736338,0.631398989133815,-0.15669716647746598,0.886362645461649,0.8057899293966324,-0.12807477370421327,0.42337414653695254,-0.17620702379413183,0.13666056118938397,-0.21532062275605174,0.3754101821052233,0.6725541410047078,0.21729946332048605,-0.17947970339661412,0.3274548405984012,-0.09105365605054855,1.168372506339504
115,-0.27423993394401236,0.6102155555346148,0.2507458483887427,0.08134451434986606,1.1032390108975452,0.0961855060371497,0.8069769768231934,0.16776754523727772,0.6240918615721138,0.9341215594307606,0.4000323606556304,0.11611135319696628,-0.24617703089565146,-0.2956733625790717,0.3388854892002011,1.0071013053661817,0.39928902576778935,0.49304657160342563,1.2815664090744876,0.9222223269061038,0.1007796670871125,-0.14640443785580753,0.023574011231785222,0.09162444827681998,-0.2591715791456838,-0.1147242483201606,0.960082422045426,1.1741531032817278,0.10322043980195,0.6422645604292088,0.1948720665350256,1.2019807736380281,0.7895752915647485,0.3076822185131809,0.6882936678009488,-0.26697555127701267,0.8346437480227407,1.1265770669483084,0.1226120158258801,0.7747894104777807,0.06793321166299715,-0.16725867623395696,-0.043314183301152165,0.6597644032485691,0.36421411646957236,-0.10545322762938503,-0.11023383716099011,0.0006322893621173442,-0.2797512856727145,0.9259679225749262
117,-0.2210347972826662,0.398098648666607,0.1796021810808629,-0.10847446749419898,1.0508012309436794,-0.041509542830223456,0.8696138167439409,0.04973105299240464,0.412737498199028,1.1181213520973055,0.19729143592906961,0.2639501755634819,-0.16567853273896338,-0.17515382921887007,0.33788087210224965,1.170058241995034,0.20630625134559744,0.733910665338751,1.263399102013103,1.1153973362208858,0.18644289035992423,0.06953878246390782,0.055042318712155286,-0.11603018458384579,-0.16664244373678425,0.10114296088183916,1.1491362403938181,0.9761818941832491,-0.05710280072342511,0.6612030841498533,0.40163837755088205,1.186035364999203,0.8415936856341122,0.10956280088319405,0.6689191300016792,-0.20638745204140976,0.8998578112092064,0.9109579029401359,-0.08469905623557672,0.5267378106307457,-0.1352986592933118,0.030170215955142743,-0.19265031639020164,0.4450218912115989,0.5798700456900736,0.10685076885403122,-0.19000618482893805,0.21887805096865737,-0.16483371101115663,1.1286070894967286
118,-0.17335165979462067,0.3325422594183654,0.18724056176714876,-0.1420110964443393,0.9911006085187346,-0.053999390773777134,0.8562276056124405,0.007722946124900737,0.3468141496167329,1.1599345911817647,0.11950382874921889,0.31670620589318366,-0.0970321972331315,-0.09447090140550196,0.3679016136158568,1.1926678611779322,0.15854162036550612,0.8171654267702448,1.2267144947733113,1.1503635153010066,0.25247391476373954,0.1784897982662179,0.06620752733561898,-0.1607396085228157,-0.1046178082648683,0.21257811308784036,1.182699029812356,0.8746764775743655,-0.07895776824132295,0.6386642316995027,0.4995286720107368,1.1597363254065205,0.8249652258744942,0.03790707811736338,0.631398989133815,-0.15669716647746598,0.886362645461649,0.8057899293966324,-0.12807477370421327,0.42337414653695254,-0.17620702379413183,0.13666056118938397,-0.21532062275605174,0.3754101821052233,0.6725541410047078,0.21729946332048605,-0.17947970339661412,0.3274548405984012,-0.09105365605054855,1.168372506339504
119,-0.1354275711194006,0.2796374055727851,0.1928767782065941,-0.16952348165597897,0.9436966823895487,-0.06461475767191982,0.8460084042937812,-0.026079607463625004,0.2936238961849978,1.1939467283746072,0.056997883973101154,0.35915507202300767,-0.04241383681281646,-0.030132933784721094,0.3915881126272458,1.2114087980459993,0.11978322689090803,0.8841959970276279,1.1976633354296045,1.1790225727718218,0.30505675178622865,0.26566228355836213,0.07519233400016548,-0.19716768945649815,-0.05515894638664179,0.3017106322994134,1.2102278455277369,0.7934789779726434,-0.09708863425986514,0.620981148031304,0.5779216071329397,1.13889357952683,0.8121287845555429,-0.01973419369429283,0.6016817857498615,-0.11714838859110102,0.8760716554921656,0.7216047638296367,-0.1634484158534808,0.3404342616997097,-0.2096109875663153,0.22178912320443883,-0.2340344205464398,0.31929045159231473,0.7468873721540389,0.30563385250878017,-0.1716117628661229,0.41434467476030756,-0.03219421783867554,1.200871203594724
120,0.6157143763241729,0.6757366548847759,1.1322879932307663,0.8690545505156273,-0.14250892998499048,1.0110508739502109,-0.16242438447232693,0.0438382711035446,0.6718927095511875,0.44052760885366127,0.023705779438032565,0.2754376411958511,0.9988335598153705,0.9273359821030129,1.219227002097225,0.15152443521145903,0.803534384090885,0.6743704423499963,0.3857162291109293,0.144859112322267,1.2220020348196607,1.011635061302408,0.05562470234348213,0.7206084526614869,0.6821217381779531,1.1160951379370974,0.18022899065254466,0.0654337903915354,0.9562628826371307,-0.18735039607955942,1.117119574686497,0.5868476751215628,-0.17540108029109808,0.06639767107629024,-0.22060055434368364,0.6127305578849684,-0.1618249048919454,0.07529296444786193,0.7871053861078852,0.07669580334206116,0.7661761590263056,1.0911239997176234,0.6841566239189876,0.631979183856469,1.0529495355531924,1.1297970649368545,0.935142578967955,1.1264558232605972,0.7949411175142707,0.2000613208002569
121,0.44273956298459216,0.9452566687019971,1.122756569223918,1.0254843378068563,0.07082572481600696,1.0845968695473718,-0.1315645541268985,0.21246375637728823,0.9424764866923268,0.257508609158529,0.3323423308772504,0.06375947500173484,0.7489224549589926,0.627693926266446,1.1181963835941178,0.03808050336835861,1.0086770459121832,0.3385946631524314,0.5135984853839309,-0.017158284423228254,0.9797339319560825,0.594872097879559,0.010784395286159106,0.9187935815717596,0.45180057855765177,0.6909705357444691,0.023885551055080556,0.4529821155214376,1.0665604487258733,-0.11564812715444142,0.7397582695448637,0.6791924840711193,-0.13118235448735144,0.3532969146364851,-0.08962459343767148,0.4313010764025215,-0.1311856143911529,0.4792218017141154,0.9807135383755337,0.4819387994924203,0.9505311909588176,0.6868852703184916,0.7946974036434487,0.915776857968436,0.691120381039704,0.7088127966549131,0.9178384029670463,0.7104297539002521,0.5198606194781085,0.019696683645165247
123,0.6450538244806484,0.7884969141930507,1.2247539239770828,1.0163118677848537,-0.19486055696885168,1.1397067714135174,-0.2561207693857666,0.09638920216757667,0.7831360268634585,0.3149476873064623,0.10357578662277137,0.20987952895619755,1.0367724203040294,0.9433870673697708,1.2757084036097557,0.013704753215680487,0.9280329361850775,0.5625858423749724,0.33806408205245525,-0.0034585560016116013,1.2494270289837495,0.9747028805315037,0.041551871800548534,0.8669059683040505,0.694592818027611,1.083828800749994,0.03386288244806024,0.09630056400495723,1.0925731002440726,-0.24978828784959586,1.0698952730203541,0.5559043980759892,-0.26337995863163993,0.1524868643568108,-0.2684639164218541,0.6376387222980884,-0.2585615017684664,0.11884614001338473,0.9354844957608286,0.15930683421304093,0.9146124969915124,1.070049610205207,0.8068587847941961,0.7401517586315849,0.9863287651832613,1.0996366322622817,1.0424416720760277,1.0862967327405078,0.804431023317028,0.05016972500881012
124,0.6213029727468966,0.6029364337903681,1.0958536887805401,0.7937142507405952,-0.1428632799748613,0.9515971254767019,-0.1276446329494585,0.005569541452699556,0.5995986456541876,0.509783936217143,-0.0397397376433333,0.32331119811113285,1.0087077019822526,0.9510804240093931,1.2065788729223725,0.21871028604134257,0.7324829623905353,0.7534617510388006,0.392084013903476,0.22119208021994835,1.235357078003285,1.068625907015997,0.06584089538694338,0.641442917681026,0.7003190775400038,1.1720427200706194,0.2552001447277765,0.01384394686321444,0.8900049965769685,-0.16933383982294617,1.1742969680375293,0.590043853597058,-0.1442816727604433,0.0026303699383772583,-0.2144595242812426,0.6209644387033832,-0.12579334325921543,0.01691943687337294,0.7075598391574481,0.002393458862556541,0.6875411723416578,1.140437678801383,0.6233777164061558,0.5595936480553613,1.1164041592316,1.1844751649971546,0.8934936088088973,1.1846773736226313,0.8188606694532734,0.27888219991291874
125,0.621819922758603,0.7518922105737913,1.1817358554453332,0.9574809200533863,-0.15877836597316125,1.0847474720926835,-0.2113346038109603,0.08175587967801329,0.7472882246437406,0.362320156738475,0.08428742537729444,0.2280606573785078,1.0052490104719616,0.9191147543216764,1.2440622427362769,0.07062404146278628,0.8824049195503467,0.5950058526283396,0.36716820442768333,0.055544426336562924,1.2231649056020901,0.9681670850019399,0.04548844445588971,0.8108707406651368,0.675874539203539,1.0746778808402468,0.09228926187594844,0.10397537563780224,1.0361698501275587,-0.2170595619852638,1.070309902003972,0.5753280434404611,-0.22046715314834242,0.1291154310955929,-0.23908829020732597,0.615963837452847,-0.2123910441294285,0.12161635526823061,0.8782348294656451,0.14420726370488168,0.8568147143143499,1.056934751038249,0.7567210421026125,0.7064599024742104,0.9965304157157853,1.0897517129487646,0.9921706358790247,1.0812849956313495,0.7845581723518267,0.10886111601808274
127,0.6359945149056672,0.8281222803646997,1.238878647468492,1.0524795432483471,-0.1862897596434721,1.16627629077272,-0.2687441820090419,0.11828379051660261,0.8226019693806136,0.2801508628629061,0.14102351393268625,0.18246089334352164,1.0229673243164163,0.9220963209253423,1.276750381516035,-0.017518785918656188,0.9644184328413898,0.5178384898449153,0.3405827895838479,-0.04024211718967985,1.2345384944354647,0.9355516653174281,0.03571385588349932,0.9062460710704061,0.6782490581121615,1.0447624147108905,-0.0021544560210987607,0.13214771176383572,1.1233029704120696,-0.25412586109245283,1.032226736701261,0.5582812122661784,-0.2740186374862748,0.1892037324620795,-0.26573271195988674,0.6271924734513185,-0.27169186637732345,0.15804055047971183,0.974794992631325,0.20489305932544133,0.9531949482326401,1.0344488979878663,0.8354175570943532,0.7801762455868857,0.9467755469320134,1.0612391196565514,1.0583347691739626,1.046684798095801,0.7840411124895399,0.011670963543047808
128,0.6450538244806484,0.7884969141930507,1.2247539239770828,1.0163118677848537,-0.19486055696885168,1.1397067714135174,-0.2561207693857666,0.09638920216757667,0.7831360268634585,0.3149476873064623,0.10357578662277137,0.20987952895619755,1.0367724203040294,0.9433870673697708,1.2757084036097557,0.013704753215680487,0.9280329361850775,0.5625858423749724,0.33806408205245525,-0.0034585560016116013,1.2494270289837495,0.9747028805315037,0.041551871800548534,0.8669059683040505,0.694592818027611,1.083828800749994,0.03386288244806024,0.09630056400495723,1.0925731002440726,-0.24978828784959586,1.0698952730203541,0.5559043980759892,-0.26337995863163993,0.1524868643568108,-0.2684639164218541,0.6376387222980884,-0.2585615017684664,0.11884614001338473,0.9354844957608286,0.15930683421304093,0.9146124969915124,1.070049610205207,0.8068587847941961,0.7401517586315849,0.9863287651832613,1.0996366322622817,1.0424416720760277,1.0862967327405078,0.804431023317028,0.05016972500881012
129,0.6359945149056672,0.8281222803646997,1.238878647468492,1.0524795432483471,-0.1862897596434721,1.16627629077272,-0.2687441820090419,0.11828379051660261,0.8226019693806136,0.2801508628629061,0.14102351393268625,0.18246089334352164,1.0229673243164163,0.9220963209253423,1.276750381516035,-0.017518785918656188,0.9644184328413898,0.5178384898449153,0.3405827895838479,-0.04024211718967985,1.2345384944354647,0.9355516653174281,0.03571385588349932,0.9062460710704061,0.6782490581121615,1.0447624147108905,-0.0021544560210987607,0.13214771176383572,1.1233029704120696,-0.25412586109245283,1.032226736701261,0.5582812122661784,-0.2740186374862748,0.1892037324620795,-0.26573271195988674,0.6271924734513185,-0.27169186637732345,0.15804055047971183,0.974794992631325,0.20489305932544133,0.9531949482326401,1.0344488979878663,0.8354175570943532,0.7801762455868857,0.9467755469320134,1.0612391196565514,1.0583347691739626,1.046684798095801,0.7840411124895399,0.011670963543047808
130,0.6450538244806484,0.7884969141930507,1.2247539239770828,1.0163118677848537,-0.19486055696885168,1.1397067714135174,-0.2561207693857666,0.09638920216757667,0.7831360268634585,0.3149476873064623,0.10357578662277137,0.20987952895619755,1.0367724203040294,0.9433870673697708,1.2757084036097557,0.013704753215680487,0.9280329361850775,0.5625858423749724,0.33806408205245525,-0.0034585560016116013,1.2494270289837495,0.9747028805315037,0.041551871800548534,0.8669059683040505,0.694592818027611,1.083828800749994,0.03386288244806024,0.09630056400495723,1.0925731002440726,-0.24978828784959586,1.0698952730203541,0.5559043980759892,-0.26337995863163993,0.1524868643568108,-0.2684639164218541,0.6376387222980884,-0.2585615017684664,0.11884614001338473,0.9354844957608286,0.15930683421304093,0.9146124969915124,1.070049610205207,0.8068587847941961,0.7401517586315849,0.9863287651832613,1.0996366322622817,1.0424416720760277,1.0862967327405078,0.804431023317028,0.05016972500881012
131,0.6359945149056672,0.8281222803646997,1.238878647468492,1.0524795432483471,-0.1862897596434721,1.16627629077272,-0.2687441820090419,0.11828379051660261,0.8226019693806136,0.2801508628629061,0.14102351393268625,0.18246089334352164,1.0229673243164163,0.9220963209253423,1.276750381516035,-0.017518785918656188,0.9644184328413898,0.5178384898449153,0.3405827895838479,-0.04024211718967985,1.2345384944354647,0.9355516653174281,0.03571385588349932,0.9062460710704061,0.6782490581121615,1.0447624147108905,-0.0021544560210987607,0.13214771176383572,1.1233029704120696,-0.25412586109245283,1.032226736701261,0.5582812122661784,-0.2740186374862748,0.1892037324620795,-0.26573271195988674,0.6271924734513185,-0.27169186637732345,0.15804055047971183,0.974794992631325,0.20489305932544133,0.9531949482326401,1.0344488979878663,0.8354175570943532,0.7801762455868857,0.9467755469320134,1.0612391196565514,1.0583347691739626,1.046684798095801,0.7840411124895399,0.011670963543047808
132,0.6300234346042212,0.7867464717626846,1.2094965008082756,1.0023021931547447,-0.17375550607357898,1.1236822692880324,-0.23938919552069277,0.09815252668481642,0.7816902908183291,0.32392030292516233,0.10939435719525636,0.2076009010208677,1.0157635850243887,0.92287300735771,1.260680511711652,0.02879266083135984,0.9205584715105469,0.5602090281847834,0.35329952297217304,0.01038453032662262,1.2305462954202961,0.9555820663005627,0.041098645707677475,0.8555521338007757,0.678803418801629,1.0634656166195637,0.047736186964071115,0.11463318764511743,1.0775362973881655,-0.23557270280111434,1.054771399405956,0.5663554278217611,-0.24675555344930872,0.15601442956777498,-0.25300944920427604,0.6228052436605106,-0.24136028601590698,0.13614591245661867,0.9235256424426346,0.17048200019132503,0.9020897929621667,1.0491610470856496,0.7939978742007716,0.739985961453758,0.9752167656537882,1.0791872056316452,1.0243623524690957,1.0677326147961472,0.7864316110595246,0.06316280158452864
133,0.5529129291819682,0.7673024748076072,1.125222721887487,0.9189533687382567,-0.06441270129691107,1.0321532056624614,-0.14771019226889903,0.10184063689947186,0.7638977770131137,0.3802939543898466,0.1305152890770665,0.20261011570203855,0.9082756625967341,0.819925576108886,1.18098498694447,0.11656859712408119,0.8716944230191602,0.559156534291139,0.4331761462530448,0.09301129523985502,1.1345847917458256,0.8645924266770001,0.04020482839018951,0.7854243241068186,0.5995549751423601,0.9658878108126265,0.13032557981398707,0.20230683445697883,0.9901574471089296,-0.1593228126329346,0.9845255777498503,0.6209813111804483,-0.15615348016599695,0.1652146097024566,-0.17202985538812127,0.5470922252254325,-0.14706866932638135,0.21749961746638036,0.8502077180542793,0.21782099797466542,0.8259789917976862,0.9479150050324082,0.7186777963081528,0.7288146920046341,0.9266598325805219,0.9809815333717053,0.924719037277034,0.9798038088680072,0.6965432367197707,0.14173815491509884
134,0.6450538244806484,0.7884969141930507,1.2247539239770828,1.0163118677848537,-0.19486055696885168,1.1397067714135174,-0.2561207693857666,0.09638920216757667,0.7831360268634585,0.3149476873064623,0.10357578662277137,0.20987952895619755,1.0367724203040294,0.9433870673697708,1.2757084036097557,0.013704753215680487,0.9280329361850775,0.5625858423749724,0.33806408205245525,-0.0034585560016116013,1.2494270289837495,0.9747028805315037,0.041551871800548534,0.8669059683040505,0.694592818027611,1.083828800749994,0.03386288244806024,0.09630056400495723,1.0925731002440726,-0.24978828784959586,1.0698952730203541,0.5559043980759892,-0.26337995863163993,0.1524868643568108,-0.2684639164218541,0.6376387222980884,-0.2585615017684664,0.11884614001338473,0.9354844957608286,0.15930683421304093,0.9146124969915124,1.070049610205207,0.8068587847941961,0.7401517586315849,0.9863287651832613,1.0996366322622817,1.0424416720760277,1.0862967327405078,0.804431023317028,0.05016972500881012
135,0.6450538244806484,0.7884969141930507,1.2247539239770828,1.0163118677848537,-0.19486055696885168,1.1397067714135174,-0.2561207693857666,0.09638920216757667,0.7831360268634585,0.3149476873064623,0.10357578662277137,0.20987952895619755,1.0367724203040294,0.9433870673697708,1.2757084036097557,0.013704753215680487,0.9280329361850775,0.5625858423749724,0.33806408205245525,-0.0034585560016116013,1.2494270289837495,0.9747028805315037,0.041551871800548534,0.8669059683040505,0.694592818027611,1.083828800749994,0.03386288244806024,0.09630056400495723,1.0925731002440726,-0.24978828784959586,1.0698952730203541,0.5559043980759892,-0.26337995863163993,0.1524868643568108,-0.2684639164218541,0.6376387222980884,-0.2585615017684664,0.11884614001338473,0.9354844957608286,0.15930683421304093,0.9146124969915124,1.070049610205207,0.8068587847941961,0.7401517586315849,0.9863287651832613,1.0996366322622817,1.0424416720760277,1.0862967327405078,0.804431023317028,0.05016972500881012
136,0.5161435003296049,0.9096579483040708,1.1719609002686988,1.0454896517150163,-0.02774146214207529,1.1235402489987274,-0.18863321345315986,0.18124506610625454,0.9057619900984252,0.2573203668394462,0.2670929281742526,0.10315252141342725,0.8527630741882954,0.7375654500634957,1.1806275969561761,0.008149198832400506,1.0008046418489844,0.39720853592898697,0.4464252814741072,-0.035790622311757836,1.0757493025904075,0.7182333548225401,0.019036915369364894,0.9241229564390647,0.5363200824746392,0.8194944635119881,0.004293879074737217,0.3365402435567218,1.0968113418558882,-0.17106714752151733,0.844605022278147,0.6324094184276837,-0.18995161351061385,0.2985306973005504,-0.1579547980309669,0.5053772973317414,-0.1896905152968107,0.36351594915467966,0.9886340306978927,0.38520104106352954,0.9616266395537147,0.8138703097578005,0.8181012670849275,0.8730425843735219,0.7810438073722702,0.836975618390792,0.9770591498600205,0.8319363911818451,0.6181185772643851,0.0065209245235041124
137,0.5834525720716118,0.7995669549895008,1.1726810087750015,0.9789012097265997,-0.11022375939637025,1.0902785491222375,-0.1977313044509565,0.11295861711828846,0.7953010277719781,0.33369058873091584,0.14264442519963877,0.18886006699108399,0.9501564988548264,0.8553080884714865,1.2186468853819292,0.057460354050847096,0.9157376400645456,0.533419019422564,0.39751700346013996,0.03303817017852462,1.1704718762745046,0.8839474685684097,0.037198658261506194,0.8410849816107553,0.6268190828836205,0.9883554711766874,0.07081891945238789,0.18255688436827738,1.0487917373691324,-0.19731438201752757,0.9951056385667247,0.5969783056853211,-0.20451064720071443,0.18245745023749715,-0.208077232995255,0.5761692658225348,-0.198601538787392,0.2026497277284962,0.9073341370678827,0.22253116038795354,0.8839771308828693,0.9741193251639626,0.7704333517357587,0.7574670330503138,0.9260518995529086,1.004133127433774,0.9803592233732599,0.9974658090613393,0.7263824608000371,0.08264327409495659
139,0.6144299408325119,0.8652218974296324,1.2396961693767359,1.0758184595353653,-0.160050497445047,1.1785611044233517,-0.26685001033818784,0.14109784883920845,0.8598046967951856,0.2538761263764627,0.18242007112385794,0.15383110434809016,0.9917129354166873,0.883972551768041,1.2650236759920162,-0.03512936222582763,0.9935102761883465,0.4722522647325148,0.3559525482773519,-0.06432196987298794,1.2040334438654658,0.8812181867457134,0.02964504180819131,0.934925755102886,0.648948002390202,0.9894582007869503,-0.025462607728771625,0.18259571644975192,1.1404761838496227,-0.2462968268463324,0.9827257392233968,0.5694563782444625,-0.2702827677989727,0.22794623006190332,-0.24997034242557487,0.6044443689766495,-0.26989313765711953,0.21087213133208715,1.0029328880810995,0.2587557259413705,0.9801458796349216,0.9820738153659316,0.8523215601944432,0.8190080219172264,0.8988408501983958,1.006513076108932,1.0584816536421244,0.9923747022539896,0.7489265247248497,-0.014799676015250618
140,0.6359945149056672,0.8281222803646997,1.238878647468492,1.0524795432483471,-0.1862897596434721,1.16627629077272,-0.2687441820090419,0.11828379051660261,0.8226019693806136,0.2801508628629061,0.14102351393268625,0.18246089334352164,1.0229673243164163,0.9220963209253423,1.276750381516035,-0.017518785918656188,0.9644184328413898,0.5178384898449153,0.3405827895838479,-0.04024211718967985,1.2345384944354647,0.9355516653174281,0.03571385588349932,0.9062460710704061,0.6782490581121615,1.0447624147108905,-0.0021544560210987607,0.13214771176383572,1.1233029704120696,-0.25412586109245283,1.032226736701261,0.5582812122661784,-0.2740186374862748,0.1892037324620795,-0.26573271195988674,0.6271924734513185,-0.27169186637732345,0.15804055047971183,0.974794992631325,0.20489305932544133,0.9531949482326401,1.0344488979878663,0.8354175570943532,0.7801762455868857,0.9467755469320134,1.0612391196565514,1.0583347691739626,1.046684798095801,0.7840411124895399,0.011670963543047808
141,0.6450538244806484,0.7884969141930507,1.2247539239770828,1.0163118677848537,-0.19486055696885168,1.1397067714135174,-0.2561207693857666,0.09638920216757667,0.7831360268634585,0.3149476873064623,0.10357578662277137,0.20987952895619755,1.0367724203040294,0.9433870673697708,1.2757084036097557,0.013704753215680487,0.9280329361850775,0.5625858423749724,0.33806408205245525,-0.0034585560016116013,1.2494270289837495,0.9747028805315037,0.041551871800548534,0.8669059683040505,0.694592818027611,1.083828800749994,0.03386288244806024,0.09630056400495723,1.0925731002440726,-0.24978828784959586,1.0698952730203541,0.5559043980759892,-0.26337995863163993,0.1524868643568108,-0.2684639164218541,0.6376387222980884,-0.2585615017684664,0.11884614001338473,0.9354844957608286,0.15930683421304093,0.9146124969915124,1.070049610205207,0.8068587847941961,0.7401517586315849,0.9863287651832613,1.0996366322622817,1.0424416720760277,1.0862967327405078,0.804431023317028,0.05016972500881012
142,0.6450538244806484,0.7884969141930507,1.2247539239770828,1.0163118677848537,-0.19486055696885168,1.1397067714135174,-0.2561207693857666,0.09638920216757667,0.7831360268634585,0.3149476873064623,0.10357578662277137,0.20987952895619755,1.0367724203040294,0.9433870673697708,1.2757084036097557,0.013704753215680487,0.9280329361850775,0.5625858423749724,0.33806408205245525,-0.0034585560016116013,1.2494270289837495,0.9747028805315037,0.041551871800548534,0.8669059683040505,0.694592818027611,1.083828800749994,0.03386288244806024,0.09630056400495723,1.0925731002440726,-0.24978828784959586,1.0698952730203541,0.5559043980759892,-0.26337995863163993,0.1524868643568108,-0.2684639164218541,0.6376387222980884,-0.2585615017684664,0.11884614001338473,0.9354844957608286,0.15930683421304093,0.9146124969915124,1.070049610205207,0.8068587847941961,0.7401517586315849,0.9863287651832613,1.0996366322622817,1.0424416720760277,1.0862967327405078,0.804431023317028,0.05016972500881012
143,0.552057131452605,0.8417821021681495,1.1671080907418387,0.9999423173031087,-0.07081904407194911,1.0976575222170126,-0.1883881966019068,0.14013187225530094,0.8377657857048573,0.30709727613297777,0.19306994820494325,0.15473172373172253,0.904985141161548,0.802393082700491,1.1986452338261246,0.04351367735831818,0.9462334716356727,0.47961235731752555,0.4218261723289272,0.011067838041846578,1.1270776470157469,0.8128561927615472,0.02997701372492806,0.869445820008813,0.5861400948250006,0.9156091605528396,0.04975516643295097,0.24881179422317262,1.062253764537533,-0.18217352669164202,0.9313185388327411,0.6143855097519375,-0.19308055932159807,0.22883047627990735,-0.18321980992310394,0.5434873825863261,-0.18916827582171675,0.27122358512109557,0.9348090279017649,0.28968195957350923,0.9098365216866309,0.904540588862468,0.7845134007064689,0.8023652379394826,0.8657929642672768,0.9320195134488554,0.9728038509650396,0.9266394933880979,0.6780267645999807,0.05754107901578265
144,0.6359945149056672,0.8281222803646997,1.238878647468492,1.0524795432483471,-0.1862897596434721,1.16627629077272,-0.2687441820090419,0.11828379051660261,0.8226019693806136,0.2801508628629061,0.14102351393268625,0.18246089334352164,1.0229673243164163,0.9220963209253423,1.276750381516035,-0.017518785918656188,0.9644184328413898,0.5178384898449153,0.3405827895838479,-0.04024211718967985,1.2345384944354647,0.9355516653174281,0.03571385588349932,0.9062460710704061,0.6782490581121615,1.0447624147108905,-0.0021544560210987607,0.13214771176383572,1.1233029704120696,-0.25412586109245283,1.032226736701261,0.5582812122661784,-0.2740186374862748,0.1892037324620795,-0.26573271195988674,0.6271924734513185,-0.27169186637732345,0.15804055047971183,0.974794992631325,0.20489305932544133,0.9531949482326401,1.0344488979878663,0.8354175570943532,0.7801762455868857,0.9467755469320134,1.0612391196565514,1.0583347691739626,1.046684798095801,0.7840411124895399,0.011670963543047808
146,0.5850504939062395,0.8942476840702549,1.228474033826545,1.0840172030301456,-0.12210712681832542,1.1761345154289495,-0.25225762499522114,0.161160308884796,0.8891524377290521,0.23934656918807462,0.2208650644744806,0.1286030630898965,0.949736422063523,0.8367546282762861,1.243704852747983,-0.037795356828894344,1.011515138380171,0.43305785426618765,0.38041733964874574,-0.07325749121504993,1.1643294164466722,0.8218080131474801,0.02432053143506509,0.9495693729973829,0.6126396465358181,0.9282845335396085,-0.033742438863301416,0.2382087847375452,1.1428237448745175,-0.22880389687384647,0.9303893465322686,0.5867561506876966,-0.25426528649295926,0.2624315186936867,-0.2250132328501716,0.5742489095591559,-0.25501289009985784,0.2676326869565299,1.0166611421092586,0.3115873067937458,0.9924623620703785,0.9228900557636412,0.8561445128793872,0.8506877948430982,0.8509143905075336,0.9457457979678514,1.0445107484620113,0.9334175779451874,0.7061335128964411,-0.026356114373511985
147,0.6450538244806484,0.7884969141930507,1.2247539239770828,1.0163118677848537,-0.19486055696885168,1.1397067714135174,-0.2561207693857666,0.09638920216757667,0.7831360268634585,0.3149476873064623,0.10357578662277137,0.20987952895619755,1.0367724203040294,0.9433870673697708,1.2757084036097557,0.013704753215680487,0.9280329361850775,0.5625858423749724,0.33806408205245525,-0.0034585560016116013,1.2494270289837495,0.9747028805315037,0.041551871800548534,0.8669059683040505,0.694592818027611,1.083828800749994,0.03386288244806024,0.09630056400495723,1.0925731002440726,-0.24978828784959586,1.0698952730203541,0.5559043980759892,-0.26337995863163993,0.1524868643568108,-0.2684639164218541,0.6376387222980884,-0.2585615017684664,0.11884614001338473,0.9354844957608286,0.15930683421304093,0.9146124969915124,1.070049610205207,0.8068587847941961,0.7401517586315849,0.9863287651832613,1.0996366322622817,1.0424416720760277,1.0862967327405078,0.804431023317028,0.05016972500881012
148,0.6300234346042212,0.7867464717626846,1.2094965008082756,1.0023021931547447,-0.17375550607357898,1.1236822692880324,-0.23938919552069277,0.09815252668481642,0.7816902908183291,0.32392030292516233,0.10939435719525636,0.2076009010208677,1.0157635850243887,0.92287300735771,1.260680511711652,0.02879266083135984,0.9205584715105469,0.5602090281847834,0.35329952297217304,0.01038453032662262,1.2305462954202961,0.9555820663005627,0.041098645707677475,0.8555521338007757,0.678803418801629,1.0634656166195637,0.047736186964071115,0.11463318764511743,1.0775362973881655,-0.23557270280111434,1.054771399405956,0.5663554278217611,-0.24675555344930872,0.15601442956777498,-0.25300944920427604,0.6228052436605106,-0.24136028601590698,0.13614591245661867,0.9235256424426346,0.17048200019132503,0.9020897929621667,1.0491610470856496,0.7939978742007716,0.739985961453758,0.9752167656537882,1.0791872056316452,1.0243623524690957,1.0677326147961472,0.7864316110595246,0.06316280158452864
149,0.6450538244806484,0.7884969141930507,1.2247539239770828,1.0163118677848537,-0.19486055696885168,1.1397067714135174,-0.2561207693857666,0.09638920216757667,0.7831360268634585,0.3149476873064623,0.10357578662277137,0.20987952895619755,1.0367724203040294,0.9433870673697708,1.2757084036097557,0.013704753215680487,0.9280329361850775,0.5625858423749724,0.33806408205245525,-0.0034585560016116013,1.2494270289837495,0.9747028805315037,0.041551871800548534,0.8669059683040505,0.694592818027611,1.083828800749994,0.03386288244806024,0.09630056400495723,1.0925731002440726,-0.24978828784959586,1.0698952730203541,0.5559043980759892,-0.26337995863163993,0.1524868643568108,-0.2684639164218541,0.6376387222980884,-0.2585615017684664,0.11884614001338473,0.9354844957608286,0.15930683421304093,0.9146124969915124,1.070049610205207,0.8068587847941961,0.7401517586315849,0.9863287651832613,1.0996366322622817,1.0424416720760277,1.0862967327405078,0.804431023317028,0.05016972500881012
150,0.6359945149056672,0.8281222803646997,1.238878647468492,1.0524795432483471,-0.1862897596434721,1.16627629077272,-0.2687441820090419,0.11828379051660261,0.8226019693806136,0.2801508628629061,0.14102351393268625,0.18246089334352164,1.0229673243164163,0.9220963209253423,1.276750381516035,-0.017518785918656188,0.9644184328413898,0.5178384898449153,0.3405827895838479,-0.04024211718967985,1.2345384944354647,0.9355516653174281,0.03571385588349932,0.9062460710704061,0.6782490581121615,1.0447624147108905,-0.0021544560210987607,0.13214771176383572,1.1233029704120696,-0.25412586109245283,1.032226736701261,0.5582812122661784,-0.2740186374862748,0.1892037324620795,-0.26573271195988674,0.6271924734513185,-0.27169186637732345,0.15804055047971183,0.974794992631325,0.20489305932544133,0.9531949482326401,1.0344488979878663,0.8354175570943532,0.7801762455868857,0.9467755469320134,1.0612391196565514,1.0583347691739626,1.046684798095801,0.7840411124895399,0.011670963543047808
151,0.6450538244806484,0.7884969141930507,1.2247539239770828,1.0163118677848537,-0.19486055696885168,1.1397067714135174,-0.2561207693857666,0.09638920216757667,0.7831360268634585,0.3149476873064623,0.10357578662277137,0.20987952895619755,1.0367724203040294,0.9433870673697708,1.2757084036097557,0.013704753215680487,0.9280329361850775,0.5625858423749724,0.33806408205245525,-0.0034585560016116013,1.2494270289837495,0.9747028805315037,0.041551871800548534,0.8669059683040505,0.694592818027611,1.083828800749994,0.03386288244806024,0.09630056400495723,1.0925731002440726,-0.24978828784959586,1.0698952730203541,0.5559043980759892,-0.26337995863163993,0.1524868643568108,-0.2684639164218541,0.6376387222980884,-0.2585615017684664,0.11884614001338473,0.9354844957608286,0.15930683421304093,0.9146124969915124,1.070049610205207,0.8068587847941961,0.7401517586315849,0.9863287651832613,1.0996366322622817,1.0424416720760277,1.0862967327405078,0.804431023317028,0.05016972500881012
152,0.6209641250292398,0.8263718379343338,1.223621224299685,1.0384698686182383,-0.1651847087481994,1.150251788647235,-0.25201260814396814,0.12004711503384238,0.8211562333354843,0.2891234784816061,0.14684208450517128,0.18018226540819177,1.0019584890367756,0.9015822609132815,1.2617224896179313,-0.0024308783029767245,0.9569439681668592,0.5154616756547261,0.3558182305035657,-0.026399030861445516,1.2156577608720114,0.916430851086487,0.03526062979062825,0.8948922365671313,0.6624596588861795,1.02439923058046,0.011718848494912226,0.15048033540399597,1.1082661675561623,-0.23991027604397133,1.0171028630868626,0.5687322420119503,-0.2573942323039436,0.1927312976730437,-0.25027824474230864,0.6123589948137406,-0.25449065062476395,0.17534032292294582,0.9628361393131308,0.2160682253037255,0.9406722442032944,1.0135603348683087,0.8225566465009286,0.7800104484090589,0.9356635474025403,1.0407896930259148,1.0402554495670304,1.0281206801514402,0.7660417002320367,0.02466404011876633
153,0.4776986947742604,0.705118460605848,1.0182456738877368,0.7902594491941156,0.04664998174715684,0.9043869681075822,-0.03416104582755025,0.08330672994140892,0.7036891158680358,0.47799429978685265,0.11505882239960352,0.22541206979958656,0.8046446866364644,0.7289928811265693,1.092519467728951,0.24501862123444323,0.7805905448236696,0.6041467909987713,0.5181683997658071,0.22154854633068854,1.0447105018283165,0.8051902594047404,0.04524498392888289,0.6679565830990664,0.5295082343116879,0.8991738393696873,0.2580317056943727,0.26148003468155906,0.8626519335491204,-0.07123715722400673,0.9463413051798955,0.6784309094543688,-0.04583195106154997,0.13743998754689654,-0.08604725847750244,0.4748406606536172,-0.030131853478401693,0.26629085008674164,0.7292723516468457,0.22272165730028998,0.7027318408962214,0.8736047151320863,0.6066343434757926,0.6752906473043095,0.9142022733750372,0.912889312119286,0.7990647711957315,0.9242331359389502,0.6190016352133875,0.26760153519230806
154,0.6450538244806484,0.7884969141930507,1.2247539239770828,1.0163118677848537,-0.19486055696885168,1.1397067714135174,-0.2561207693857666,0.09638920216757667,0.7831360268634585,0.3149476873064623,0.10357578662277137,0.20987952895619755,1.0367724203040294,0.9433870673697708,1.2757084036097557,0.013704753215680487,0.9280329361850775,0.5625858423749724,0.33806408205245525,-0.0034585560016116013,1.2494270289837495,0.9747028805315037,0.041551871800548534,0.8669059683040505,0.694592818027611,1.083828800749994,0.03386288244806024,0.09630056400495723,1.0925731002440726,-0.24978828784959586,1.0698952730203541,0.5559043980759892,-0.26337995863163993,0.1524868643568108,-0.2684639164218541,0.6376387222980884,-0.2585615017684664,0.11884614001338473,0.9354844957608286,0.15930683421304093,0.9146124969915124,1.070049610205207,0.8068587847941961,0.7401517586315849,0.9863287651832613,1.0996366322622817,1.0424416720760277,1.0862967327405078,0.804431023317028,0.05016972500881012
155,0.5850504939062395,0.8942476840702549,1.228474033826545,1.0840172030301456,-0.12210712681832542,1.1761345154289495,-0.25225762499522114,0.161160308884796,0.8891524377290521,0.23934656918807462,0.2208650644744806,0.1286030630898965,0.949736422063523,0.8367546282762861,1.243704852747983,-0.037795356828894344,1.011515138380171,0.43305785426618765,0.38041733964874574,-0.07325749121504993,1.1643294164466722,0.8218080131474801,0.02432053143506509,0.9495693729973829,0.6126396465358181,0.9282845335396085,-0.033742438863301416,0.2382087847375452,1.1428237448745175,-0.22880389687384647,0.9303893465322686,0.5867561506876966,-0.25426528649295926,0.2624315186936867,-0.2250132328501716,0.5742489095591559,-0.25501289009985784,0.2676326869565299,1.0166611421092586,0.3115873067937458,0.9924623620703785,0.9228900557636412,0.8561445128793872,0.8506877948430982,0.8509143905075336,0.9457457979678514,1.0445107484620113,0.9334175779451874,0.7061335128964411,-0.026356114373511985
157,0.621819922758603,0.7518922105737913,1.1817358554453332,0.9574809200533863,-0.15877836597316125,1.0847474720926835,-0.2113346038109603,0.08175587967801329,0.7472882246437406,0.362320156738475,0.08428742537729444,0.2280606573785078,1.0052490104719616,0.9191147543216764,1.2440622427362769,0.07062404146278628,0.8824049195503467,0.5950058526283396,0.36716820442768333,0.055544426336562924,1.2231649056020901,0.9681670850019399,0.04548844445588971,0.8108707406651368,0.675874539203539,1.0746778808402468,0.09228926187594844,0.10397537563780224,1.0361698501275587,-0.2170595619852638,1.070309902003972,0.5753280434404611,-0.22046715314834242,0.1291154310955929,-0.23908829020732597,0.615963837452847,-0.2123910441294285,0.12161635526823061,0.8782348294656451,0.14420726370488168,0.8568147143143499,1.056934751038249,0.7567210421026125,0.7064599024742104,0.9965304157157853,1.0897517129487646,0.9921706358790247,1.0812849956313495,0.7845581723518267,0.10886111601808274
159,0.6359945149056672,0.8281222803646997,1.238878647468492,1.0524795432483471,-0.1862897596434721,1.16627629077272,-0.2687441820090419,0.11828379051660261,0.8226019693806136,0.2801508628629061,0.14102351393268625,0.18246089334352164,1.0229673243164163,0.9220963209253423,1.276750381516035,-0.017518785918656188,0.9644184328413898,0.5178384898449153,0.3405827895838479,-0.04024211718967985,1.2345384944354647,0.9355516653174281,0.03571385588349932,0.9062460710704061,0.6782490581121615,1.0447624147108905,-0.0021544560210987607,0.13214771176383572,1.1233029704120696,-0.25412586109245283,1.032226736701261,0.5582812122661784,-0.2740186374862748,0.1892037324620795,-0.26573271195988674,0.6271924734513185,-0.27169186637732345,0.15804055047971183,0.974794992631325,0.20489305932544133,0.9531949482326401,1.0344488979878663,0.8354175570943532,0.7801762455868857,0.9467755469320134,1.0612391196565514,1.0583347691739626,1.046684798095801,0.7840411124895399,0.011670963543047808
160,0.6359945149056672,0.8281222803646997,1.238878647468492,1.0524795432483471,-0.1862897596434721,1.16627629077272,-0.2687441820090419,0.11828379051660261,0.8226019693806136,0.2801508628629061,0.14102351393268625,0.18246089334352164,1.0229673243164163,0.9220963209253423,1.276750381516035,-0.017518785918656188,0.9644184328413898,0.5178384898449153,0.3405827895838479,-0.04024211718967985,1.2345384944354647,0.9355516653174281,0.03571385588349932,0.9062460710704061,0.6782490581121615,1.0447624147108905,-0.0021544560210987607,0.13214771176383572,1.1233029704120696,-0.25412586109245283,1.032226736701261,0.5582812122661784,-0.2740186374862748,0.1892037324620795,-0.26573271195988674,0.6271924734513185,-0.27169186637732345,0.15804055047971183,0.974794992631325,0.20489305932544133,0.9531949482326401,1.0344488979878663,0.8354175570943532,0.7801762455868857,0.9467755469320134,1.0612391196565514,1.0583347691739626,1.046684798095801,0.7840411124895399,0.011670963543047808
161,0.34922324639174535,1.0660813304794046,1.1033363290010316,1.082763296697637,0.18870082923865777,1.1021949142120695,-0.10098831429049993,0.290884235208833,1.0640861458068627,0.18315856108777007,0.47843800414934334,-0.034747327376636994,0.6145105359641907,0.4711576968255442,1.057396817601212,0.0014140911444372462,1.094568441087264,0.18356142693713212,0.5868131785433994,-0.07714274491996237,0.8509016298642252,0.38645655273007146,-0.0100534126424374,0.9976854471268266,0.33145738942229624,0.477524385142851,-0.03348898318523841,0.6473339129514067,1.101846684575139,-0.06898786090359563,0.553211414779312,0.7315169809868584,-0.09463755735329615,0.48724296939899847,-0.014786571407957139,0.33413497530031455,-0.1002452884259577,0.6800008479437963,1.0569259462327545,0.6772595682393878,1.021978522921738,0.4824168096779656,0.8322456975439758,1.0446606761997947,0.5156031008736546,0.49716405382532475,0.8920935404291893,0.5028997338635861,0.37697937593074143,-0.04947105428833137
162,0.44273956298459216,0.9452566687019971,1.122756569223918,1.0254843378068563,0.07082572481600696,1.0845968695473718,-0.1315645541268985,0.21246375637728823,0.9424764866923268,0.257508609158529,0.3323423308772504,0.06375947500173484,0.7489224549589926,0.627693926266446,1.1181963835941178,0.03808050336835861,1.0086770459121832,0.3385946631524314,0.5135984853839309,-0.017158284423228254,0.9797339319560825,0.594872097879559,0.010784395286159106,0.9187935815717596,0.45180057855765177,0.6909705357444691,0.023885551055080556,0.4529821155214376,1.0665604487258733,-0.11564812715444142,0.7397582695448637,0.6791924840711193,-0.13118235448735144,0.3532969146364851,-0.08962459343767148,0.4313010764025215,-0.1311856143911529,0.4792218017141154,0.9807135383755337,0.4819387994924203,0.9505311909588176,0.6868852703184916,0.7946974036434487,0.915776857968436,0.691120381039704,0.7088127966549131,0.9178384029670463,0.7104297539002521,0.5198606194781085,0.019696683645165247
164,0.621819922758603,0.7518922105737913,1.1817358554453332,0.9574809200533863,-0.15877836597316125,1.0847474720926835,-0.2113346038109603,0.08175587967801329,0.7472882246437406,0.362320156738475,0.08428742537729444,0.2280606573785078,1.0052490104719616,0.9191147543216764,1.2440622427362769,0.07062404146278628,0.8824049195503467,0.5950058526283396,0.36716820442768333,0.055544426336562924,1.2231649056020901,0.9681670850019399,0.04548844445588971,0.8108707406651368,0.675874539203539,1.0746778808402468,0.09228926187594844,0.10397537563780224,1.0361698501275587,-0.2170595619852638,1.070309902003972,0.5753280434404611,-0.22046715314834242,0.1291154310955929,-0.23908829020732597,0.615963837452847,-0.2123910441294285,0.12161635526823061,0.8782348294656451,0.14420726370488168,0.8568147143143499,1.056934751038249,0.7567210421026125,0.7064599024742104,0.9965304157157853,1.0897517129487646,0.9921706358790247,1.0812849956313495,0.7845581723518267,0.10886111601808274
165,0.6144299408325119,0.8652218974296324,1.2396961693767359,1.0758184595353653,-0.160050497445047,1.1785611044233517,-0.26685001033818784,0.14109784883920845,0.8598046967951856,0.2538761263764627,0.18242007112385794,0.15383110434809016,0.9917129354166873,0.883972551768041,1.2650236759920162,-0.03512936222582763,0.9935102761883465,0.4722522647325148,0.3559525482773519,-0.06432196987298794,1.2040334438654658,0.8812181867457134,0.02964504180819131,0.934925755102886,0.648948002390202,0.9894582007869503,-0.025462607728771625,0.18259571644975192,1.1404761838496227,-0.2462968268463324,0.9827257392233968,0.5694563782444625,-0.2702827677989727,0.22794623006190332,-0.24997034242557487,0.6044443689766495,-0.26989313765711953,0.21087213133208715,1.0029328880810995,0.2587557259413705,0.9801458796349216,0.9820738153659316,0.8523215601944432,0.8190080219172264,0.8988408501983958,1.006513076108932,1.0584816536421244,0.9923747022539896,0.7489265247248497,-0.014799676015250618
166,0.6368503126350301,0.7536426530041572,1.1969932786141404,0.9714905946834952,-0.17988341686843384,1.1007719742181687,-0.228066177676034,0.07999255516077353,0.7487339606888699,0.35334754111977507,0.07846885480480945,0.23033928531383763,1.0262578457516023,0.939628814333737,1.2590901346343804,0.05553613384710698,0.8898793842248773,0.5973826668185288,0.35193276350796565,0.04170134000832876,1.2420456391655432,0.9872878992328809,0.04594167054876077,0.8222245751684116,0.6916639384295209,1.0950410649706772,0.0784159573599375,0.08564275199764204,1.051206652983466,-0.23127514703374527,1.08543377561837,0.5648770136946892,-0.23709155833067352,0.12558786588462872,-0.25454275742490395,0.6307973160904248,-0.22959225988198784,0.10431658282499678,0.8901936827838393,0.13303209772659758,0.8693374183436952,1.0778233141578064,0.7695819526960368,0.7066256996520373,1.0076424152452583,1.1102011395794014,1.0102499554859568,1.09984911357571,0.8025575846093298,0.09586803944236427
169,0.6368503126350301,0.7536426530041572,1.1969932786141404,0.9714905946834952,-0.17988341686843384,1.1007719742181687,-0.228066177676034,0.07999255516077353,0.7487339606888699,0.35334754111977507,0.07846885480480945,0.23033928531383763,1.0262578457516023,0.939628814333737,1.2590901346343804,0.05553613384710698,0.8898793842248773,0.5973826668185288,0.35193276350796565,0.04170134000832876,1.2420456391655432,0.9872878992328809,0.04594167054876077,0.8222245751684116,0.6916639384295209,1.0950410649706772,0.0784159573599375,0.08564275199764204,1.051206652983466,-0.23127514703374527,1.08543377561837,0.5648770136946892,-0.23709155833067352,0.12558786588462872,-0.25454275742490395,0.6307973160904248,-0.22959225988198784,0.10431658282499678,0.8901936827838393,0.13303209772659758,0.8693374183436952,1.0778233141578064,0.7695819526960368,0.7066256996520373,1.0076424152452583,1.1102011395794014,1.0102499554859568,1.09984911357571,0.8025575846093298,0.09586803944236427
170,0.5384796313736303,0.9070681672970711,1.191658541793271,1.0606162196020006,-0.058575380141116795,1.1427307952631547,-0.21059973392548492,0.17596639931826802,0.9027631746827011,0.24911685499382813,0.25411513247886297,0.10986222906011275,0.8841293358939608,0.7691897093900626,1.20167122641826,-0.0091276636094072,1.0066943069341696,0.4062678455039682,0.4246348201367126,-0.0506038513631481,1.1042549973008806,0.7501734154153272,0.02042054398889381,0.9351022208073625,0.5606553106178098,0.8531743880967324,-0.010659706374984701,0.30613248146070504,1.114079184855485,-0.19054557609025982,0.8707235856930373,0.6173790285512564,-0.21202038024436515,0.2888745393634089,-0.18008101664115067,0.5276129317211802,-0.21225414287134298,0.3341365022284074,1.0004696367345067,0.3636364669903743,0.9743496999910811,0.8478483338419545,0.8325799904143742,0.8681688664396541,0.801749524406654,0.8706917197699804,1.0005076193661755,0.8631507722103797,0.6460843626369536,-0.006875641863084203
172,0.6368503126350301,0.7536426530041572,1.1969932786141404,0.9714905946834952,-0.17988341686843384,1.1007719742181687,-0.228066177676034,0.07999255516077353,0.7487339606888699,0.35334754111977507,0.07846885480480945,0.23033928531383763,1.0262578457516023,0.939628814333737,1.2590901346343804,0.05553613384710698,0.8898793842248773,0.5973826668185288,0.35193276350796565,0.04170134000832876,1.2420456391655432,0.9872878992328809,0.04594167054876077,0.8222245751684116,0.6916639384295209,1.0950410649706772,0.0784159573599375,0.08564275199764204,1.051206652983466,-0.23127514703374527,1.08543377561837,0.5648770136946892,-0.23709155833067352,0.12558786588462872,-0.25454275742490395,0.6307973160904248,-0.22959225988198784,0.10431658282499678,0.8901936827838393,0.13303209772659758,0.8693374183436952,1.0778233141578064,0.7695819526960368,0.7066256996520373,1.0076424152452583,1.1102011395794014,1.0102499554859568,1.09984911357571,0.8025575846093298,0.09586803944236427
173,0.6359945149056672,0.8281222803646997,1.238878647468492,1.0524795432483471,-0.1862897596434721,1.16627629077272,-0.2687441820090419,0.11828379051660261,0.8226019693806136,0.2801508628629061,0.14102351393268625,0.18246089334352164,1.0229673243164163,0.9220963209253423,1.276750381516035,-0.017518785918656188,0.9644184328413898,0.5178384898449153,0.3405827895838479,-0.04024211718967985,1.2345384944354647,0.9355516653174281,0.03571385588349932,0.9062460710704061,0.6782490581121615,1.0447624147108905,-0.0021544560210987607,0.13214771176383572,1.1233029704120696,-0.25412586109245283,1.032226736701261,0.5582812122661784,-0.2740186374862748,0.1892037324620795,-0.26573271195988674,0.6271924734513185,-0.27169186637732345,0.15804055047971183,0.974794992631325,0.20489305932544133,0.9531949482326401,1.0344488979878663,0.8354175570943532,0.7801762455868857,0.9467755469320134,1.0612391196565514,1.0583347691739626,1.046684798095801,0.7840411124895399,0.011670963543047808
175,0.6209641250292398,0.8263718379343338,1.223621224299685,1.0384698686182383,-0.1651847087481994,1.150251788647235,-0.25201260814396814,0.12004711503384238,0.8211562333354843,0.2891234784816061,0.14684208450517128,0.18018226540819177,1.0019584890367756,0.9015822609132815,1.2617224896179313,-0.0024308783029767245,0.9569439681668592,0.5154616756547261,0.3558182305035657,-0.026399030861445516,1.2156577608720114,0.916430851086487,0.03526062979062825,0.8948922365671313,0.6624596588861795,1.02439923058046,0.011718848494912226,0.15048033540399597,1.1082661675561623,-0.23991027604397133,1.0171028630868626,0.5687322420119503,-0.2573942323039436,0.1927312976730437,-0.25027824474230864,0.6123589948137406,-0.25449065062476395,0.17534032292294582,0.9628361393131308,0.2160682253037255,0.9406722442032944,1.0135603348683087,0.8225566465009286,0.7800104484090589,0.9356635474025403,1.0407896930259148,1.0402554495670304,1.0281206801514402,0.7660417002320367,0.02466404011876633
176,0.44273956298459216,0.9452566687019971,1.122756569223918,1.0254843378068563,0.07082572481600696,1.0845968695473718,-0.1315645541268985,0.21246375637728823,0.9424764866923268,0.257508609158529,0.3323423308772504,0.06375947500173484,0.7489224549589926,0.627693926266446,1.1181963835941178,0.03808050336835861,1.0086770459121832,0.3385946631524314,0.5135984853839309,-0.017158284423228254,0.9797339319560825,0.594872097879559,0.010784395286159106,0.9187935815717596,0.45180057855765177,0.6909705357444691,0.023885551055080556,0.4529821155214376,1.0665604487258733,-0.11564812715444142,0.7397582695448637,0.6791924840711193,-0.13118235448735144,0.3532969146364851,-0.08962459343767148,0.4313010764025215,-0.1311856143911529,0.4792218017141154,0.9807135383755337,0.4819387994924203,0.9505311909588176,0.6868852703184916,0.7946974036434487,0.915776857968436,0.691120381039704,0.7088127966549131,0.9178384029670463,0.7104297539002521,0.5198606194781085,0.019696683645165247
179,0.6359945149056672,0.8281222803646997,1.238878647468492,1.0524795432483471,-0.1862897596434721,1.16627629077272,-0.2687441820090419,0.11828379051660261,0.8226019693806136,0.2801508628629061,0.14102351393268625,0.18246089334352164,1.0229673243164163,0.9220963209253423,1.276750381516035,-0.017518785918656188,0.9644184328413898,0.5178384898449153,0.3405827895838479,-0.04024211718967985,1.2345384944354647,0.9355516653174281,0.03571385588349932,0.9062460710704061,0.6782490581121615,1.0447624147108905,-0.0021544560210987607,0.13214771176383572,1.1233029704120696,-0.25412586109245283,1.032226736701261,0.5582812122661784,-0.2740186374862748,0.1892037324620795,-0.26573271195988674,0.6271924734513185,-0.27169186637732345,0.15804055047971183,0.974794992631325,0.20489305932544133,0.9531949482326401,1.0344488979878663,0.8354175570943532,0.7801762455868857,0.9467755469320134,1.0612391196565514,1.0583347691739626,1.046684798095801,0.7840411124895399,0.011670963543047808
181,0.14257696402384967,0.34298661743715125,0.4928363120073448,0.12356768514772981,0.5501746229387041,0.2593598691562395,0.5192492992678881,-0.04283370924452304,0.35107599910544424,0.997377057680668,-0.024782011639434248,0.38147095317816704,0.3452992248862812,0.34250230057096814,0.6772360899175078,0.90164396071038,0.28916491421438684,0.8951794839037529,0.9107922431894823,0.8886201825099258,0.6516066148963479,0.59829007573569,0.07933838820350864,0.04799724126909738,0.23168651600191548,0.6579522113177777,0.9198360446267564,0.4732757792939569,0.2113316456136588,0.3482213398592128,0.8359159984947692,0.9426032732106164,0.48891218043218376,-0.058644388994552404,0.3108208243129363,0.1560677110472351,0.5400244818005479,0.42352782232179387,0.09316214412442325,0.16331614590403631,0.0571330883532864,0.5906279457023392,0.031488679493030414,0.35290648921796564,0.9274014989306798,0.6640194220780278,0.18318337996881673,0.7360694765482174,0.29346157489095626,0.9252749047346454
182,0.2659581941994676,0.20045888121121913,0.5281369694314317,0.0665108583379137,0.3929332352441413,0.251176893163479,0.46948423328473254,-0.13765271266234377,0.2073701899094757,1.078785613795171,-0.20344826182319,0.5006272981108711,0.5221621741605574,0.5453246660544633,0.761643848159154,0.9332876880145898,0.19281379197976728,1.0817471869374022,0.811430337294056,0.9490325968632207,0.8201260996111173,0.8617988466872175,0.10452137528226946,-0.03692242298184273,0.38762863647146556,0.9284441112858606,0.977115472943418,0.2271480145316952,0.18129119861048082,0.2813038162801663,1.0701877295333855,0.8719408487402092,0.4321229654537043,-0.22101121744166388,0.2093505724925663,0.2836394495658667,0.489451188162479,0.1705677507345848,0.011916689822044968,-0.07825781274678306,-0.017986644370644844,0.8508448033346078,-0.0029815409506621093,0.19951511781316766,1.1453355990555165,0.9324390669117606,0.22826823270515648,0.9980794678099831,0.4780130045583936,0.9973041158712042
183,0.38124972874743895,0.16354751312436755,0.6163125565984049,0.1187700057719488,0.23618076694894127,0.3292650175264021,0.3692428089693448,-0.1769557935738559,0.16854608262201198,1.0597104679009226,-0.2900784185946603,0.5503342157203699,0.6847253343828157,0.7137244371889362,0.8644186774844638,0.8674441514286664,0.19954880378064505,1.1535767001123816,0.7028122675017141,0.8986891309235181,0.9692933726145082,1.0426514342826998,0.11488385002600413,-0.006979851515538538,0.5171899426041099,1.1177948139086062,0.9256146244133696,0.0558419158639506,0.247391717846688,0.188231991140767,1.2215278817414292,0.7966291419650223,0.33016773179332304,-0.29087239690423616,0.098952858198797,0.3992836346665042,0.3865849239872542,0.002271946206873543,0.04608549126553785,-0.21205161429046387,0.02098756327004553,1.0395451663688178,0.05073803178364811,0.1511366250852596,1.2712267025941921,1.1215593071565655,0.33379650855247794,1.17564717833168,0.6278848038450788,0.9549691442942073
184,0.2659581941994676,0.20045888121121913,0.5281369694314317,0.0665108583379137,0.3929332352441413,0.251176893163479,0.46948423328473254,-0.13765271266234377,0.2073701899094757,1.078785613795171,-0.20344826182319,0.5006272981108711,0.5221621741605574,0.5453246660544633,0.761643848159154,0.9332876880145898,0.19281379197976728,1.0817471869374022,0.811430337294056,0.9490325968632207,0.8201260996111173,0.8617988466872175,0.10452137528226946,-0.03692242298184273,0.38762863647146556,0.9284441112858606,0.977115472943418,0.2271480145316952,0.18129119861048082,0.2813038162801663,1.0701877295333855,0.8719408487402092,0.4321229654537043,-0.22101121744166388,0.2093505724925663,0.2836394495658667,0.489451188162479,0.1705677507345848,0.011916689822044968,-0.07825781274678306,-0.017986644370644844,0.8508448033346078,-0.0029815409506621093,0.19951511781316766,1.1453355990555165,0.9324390669117606,0.22826823270515648,0.9980794678099831,0.4780130045583936,0.9973041158712042
185,0.3289487152316999,0.18418854059676504,0.5785462087121538,0.0993361530685547,0.30689268474174397,0.2973110482807267,0.4125414153483742,-0.157130953570475,0.19002194645066772,1.0645127862067105,-0.24752844349295508,0.5252904027513375,0.6108705332861157,0.6364763435250028,0.8187631496881249,0.893451762729256,0.2004101585972874,1.116843029369444,0.7514476029891507,0.9172045770734932,0.901288866359785,0.9579630591547414,0.10964998378483215,-0.016139442166057283,0.4577616604174326,1.0293311913133278,0.9447267539852349,0.13592863761171042,0.22121729298935328,0.22921706751563486,1.150138834795555,0.8304179534485077,0.37444008434410625,-0.25586726460792397,0.14840322299953781,0.3466784306756855,0.43099859566025844,0.08137331388966595,0.035040800741912126,-0.1476359708038137,0.007725759022730594,0.9517388492916535,0.02984654405656717,0.17692635987263672,1.2109702644568068,1.0332692776408825,0.28849055612474145,1.0923726912106126,0.5589828753730597,0.9697363908753831
186,0.259248486552782,0.22443203216326707,0.5355169686122803,0.08740365113556242,0.3998294543102518,0.26606862435116263,0.46313520071047865,-0.12418914050079463,0.23127059587270937,1.0583258574375312,-0.18019744699059295,0.4837612328731965,0.5120884783544031,0.530735257220151,0.7610811050372366,0.9154893358264478,0.21435958681137268,1.0543285513247262,0.8141763330039148,0.9277517626848621,0.8095625963127713,0.8364520650819639,0.10093277192427505,-0.013887659268640828,0.37642579904492945,0.9030500087407478,0.9563033018483889,0.25042145746556166,0.19879321668550015,0.2797964555405654,1.046061488199115,0.874219476675539,0.4269731345801563,-0.19838759246251467,0.2122433183131012,0.276101452962619,0.48283107029608235,0.19579579199277847,0.034885255107331536,-0.04962802375135161,0.004493991341330494,0.8275177682035456,0.013372620686038894,0.22385733791730905,1.1203820041536972,0.9074451143696459,0.23649957847260183,0.9724966669178338,0.4641720290158974,0.9749118662947451
188,0.1708964866289965,0.14586614760663819,0.40668958924668114,-0.0698229709548931,0.5308547168482906,0.11106935312711763,0.5995994827696256,-0.14878714635804866,0.15507165589810223,1.178547232854742,-0.20295927944137473,0.5140802286662598,0.39051116352594767,0.42513047646737434,0.6557927164492657,1.071846754731081,0.10179384783452194,1.1130548903355644,0.9149185855570549,1.0848642983206787,0.7044659342027347,0.7704228073198461,0.10760841639223437,-0.15814047838817974,0.29507028790160017,0.8283186634737738,1.1123380378201109,0.31656563392354203,0.043616455096843754,0.3850193867077324,1.0050819902243364,0.9422361124219223,0.5593679447144901,-0.23570741031765854,0.314137977751719,0.19143392112699803,0.623381951736218,0.24920588981172548,-0.11348634957770254,-0.04914317206554347,-0.14654052431898995,0.7433500034744454,-0.12316873545325108,0.15553951644065045,1.1102067995119245,0.8309969626246951,0.08526185308028167,0.9110762033978208,0.3743808093971716,1.129046705800439
189,0.3569145006042684,0.1724489988252037,0.5983374005749751,0.10895708136982873,0.2691541115966495,0.3137713869693482,0.389781495163636,-0.16809125659823435,0.17784193628322664,1.0626393474990126,-0.27086647560619925,0.5391313782938337,0.6503810381826027,0.6779357094431822,0.8430011000105102,0.8802416229276625,0.19924334147228046,1.1372329401969319,0.7255569868978162,0.9080836314563533,0.9377120365698921,1.0037237868493614,0.11254468881137605,-0.012039392007778982,0.48965636769248977,1.0770961767625993,0.935273837527997,0.09267731327989903,0.23452568781110905,0.20752491005915968,1.1888043019914727,0.8124185411910043,0.3511240989684939,-0.2751822333301934,0.12207541392176886,0.37483287366011586,0.40765608569169026,0.0385803020612574,0.040143042444291455,-0.18275055856850414,0.014020214519766094,0.9990870412577056,0.040390258116375644,0.1624433645519141,1.243757348917908,1.080928991164218,0.3122533182008258,1.1373911538799895,0.5959900965700217,0.9626404140709495
190,0.2659581941994676,0.20045888121121913,0.5281369694314317,0.0665108583379137,0.3929332352441413,0.251176893163479,0.46948423328473254,-0.13765271266234377,0.2073701899094757,1.078785613795171,-0.20344826182319,0.5006272981108711,0.5221621741605574,0.5453246660544633,0.761643848159154,0.9332876880145898,0.19281379197976728,1.0817471869374022,0.811430337294056,0.9490325968632207,0.8201260996111173,0.8617988466872175,0.10452137528226946,-0.03692242298184273,0.38762863647146556,0.9284441112858606,0.977115472943418,0.2271480145316952,0.18129119861048082,0.2813038162801663,1.0701877295333855,0.8719408487402092,0.4321229654537043,-0.22101121744166388,0.2093505724925663,0.2836394495658667,0.489451188162479,0.1705677507345848,0.011916689822044968,-0.07825781274678306,-0.017986644370644844,0.8508448033346078,-0.0029815409506621093,0.19951511781316766,1.1453355990555165,0.9324390669117606,0.22826823270515648,0.9980794678099831,0.4780130045583936,0.9973041158712042
191,0.5181317832798744,0.3135323669140229,0.8321053870307639,0.3933538808246345,0.03030254212862038,0.5945731745568247,0.14204403208489375,-0.12437292167136285,0.3146255068888629,0.8455199350688303,-0.23123239016740196,0.48526567995436376,0.872289018456738,0.8711340481887448,1.0345571543919845,0.5971905068414772,0.4023550132755772,1.0324985573111678,0.5421040355309313,0.6239238605647941,1.1296799512317763,1.1257547688501544,0.1006750205970958,0.24859593326397722,0.6384891785990698,1.2149593322586214,0.6530388757265521,-0.029405012934297647,0.5154517965839492,0.01624535876679073,1.2651784482339634,0.6885270666169041,0.11069755666106174,-0.2090203463778266,-0.06348485731227727,0.5294113249704243,0.1525059609308748,-0.06048815518866513,0.3082752259584562,-0.18580988868775244,0.28703318223378227,1.1539572679858074,0.28750698281703857,0.28485805213845483,1.2641632592957022,1.2218844814708683,0.5867196297260029,1.2510569661933704,0.7603675958914069,0.6839814213496482
192,0.13073291994603153,0.11567537361078317,0.3512933275882384,-0.1352379465580148,0.5898534101878926,0.04552843478921442,0.6585505856917933,-0.15714021748525733,0.12591027306322755,1.2277385727197712,-0.20869753870752397,0.5243260236374033,0.3350887110025032,0.37591190761925164,0.6093015991007129,1.1374497370032175,0.05617576412764991,1.1338691583501057,0.9598096268551931,1.1501574129999408,0.6562140480962195,0.7366553287716877,0.10988739665893246,-0.2174443240957848,0.25716016302266465,0.7907085436190617,1.1772427753453778,0.3500011912871891,-0.021521037268047882,0.4310997107685972,0.9825759764959465,0.9726228765598641,0.6167474101704802,-0.24797525648723753,0.3595638159499337,0.15274080641992385,0.6840834846143228,0.2773917907170984,-0.1746170377807731,-0.0436470822074288,-0.20893444862444627,0.7019638404286718,-0.180307750694033,0.12993186549771396,1.1011196897279465,0.792704294739941,0.02014926611322665,0.8792956901040738,0.332267371591628,1.1928228590918435
193,0.35869739684903823,0.2716368195918019,0.6568896263443835,0.21916452002216352,0.25655342875120596,0.4038191756802245,0.33254540031939595,-0.1176142890416034,0.27615885890458347,0.9637517853931152,-0.18897503800517465,0.4760305882509601,0.6500935482024591,0.6586504734643133,0.8693576445077582,0.780354694608844,0.2996215511022303,1.0321250042295684,0.7075350104569256,0.7966417367094053,0.9314150783948001,0.9387734643738337,0.09905854289372931,0.10167705682916778,0.4749184835835294,1.0143215819808618,0.8256483518040655,0.15083784645597614,0.33313045396267515,0.1744374175248693,1.1211258050880175,0.8016352764024451,0.2988869695520368,-0.19143750027026338,0.1042232802089993,0.37292905366463247,0.34844207020661716,0.10652232717835253,0.1547464953476162,-0.08954815472019778,0.12774602919385764,0.9455776326699104,0.13026339977347218,0.2600904103276561,1.1651338252291716,1.0199185495934242,0.3795812996053056,1.0704374066644813,0.574910633340941,0.8483726206957947
195,0.38124972874743895,0.16354751312436755,0.6163125565984049,0.1187700057719488,0.23618076694894127,0.3292650175264021,0.3692428089693448,-0.1769557935738559,0.16854608262201198,1.0597104679009226,-0.2900784185946603,0.5503342157203699,0.6847253343828157,0.7137244371889362,0.8644186774844638,0.8674441514286664,0.19954880378064505,1.1535767001123816,0.7028122675017141,0.8986891309235181,0.9692933726145082,1.0426514342826998,0.11488385002600413,-0.006979851515538538,0.5171899426041099,1.1177948139086062,0.9256146244133696,0.0558419158639506,0.247391717846688,0.188231991140767,1.2215278817414292,0.7966291419650223,0.33016773179332304,-0.29087239690423616,0.098952858198797,0.3992836346665042,0.3865849239872542,0.002271946206873543,0.04608549126553785,-0.21205161429046387,0.02098756327004553,1.0395451663688178,0.05073803178364811,0.1511366250852596,1.2712267025941921,1.1215593071565655,0.33379650855247794,1.17564717833168,0.6278848038450788,0.9549691442942073
196,0.14882771989524518,0.13002679394662997,0.37668062508740946,-0.10494460201525968,0.5631963910298756,0.07572402809103562,0.631573025923362,-0.15299304911324949,0.13979160202745544,1.2048356331557084,-0.2054868506330048,0.5192300595398079,0.3600370106626468,0.397921748221077,0.6304332501098524,1.1071508226980755,0.07748148828869106,1.1236935691901995,0.9394621638971478,1.1199094711999644,0.6778882071684834,0.751359425874905,0.10875810655475274,-0.18987525102399866,0.27411392072642926,0.807159219181117,1.1471835921857239,0.3353945023888608,0.008558496214404188,0.4101014260095517,0.9921894001520208,0.9588605176042536,0.5905156807061425,-0.24181083055002575,0.33897689526211183,0.17014538205357477,0.6563027495024109,0.2652233711177388,-0.14621874722372485,-0.045407302378241254,-0.17997418865685705,0.7201854272619383,-0.1538959282061741,0.14220821621922486,1.1046082357829428,0.8094757606826086,0.04997796670107724,0.8930899312053214,0.3510648240215593,1.1632361844807613
197,0.2906147482584474,0.2197778711923673,0.562594812524748,0.10752994880350258,0.3566336749032868,0.29211156884503364,0.43285588210904213,-0.13212286611686594,0.22605061467672716,1.047811282885104,-0.19927077270686408,0.49383492867935086,0.5561641738667341,0.5753679208333784,0.7903797431755873,0.8922360202192668,0.22160771607271257,1.0681336473123393,0.7837430107030003,0.9080783731391857,0.8496804186474358,0.8819958759981213,0.10301494964496904,0.00037534255178023335,0.41077009524514246,0.9510162334535084,0.9364141052015718,0.20710017841238643,0.22204698291412672,0.25276597815972784,1.0834534348052176,0.8532106413958984,0.3964989817168555,-0.212812652804906,0.18133648480833597,0.3073642429319683,0.45173300158234186,0.15381927863961437,0.05034242399186234,-0.08088241265108082,0.021207106182235758,0.8758080169045475,0.032796767628486156,0.21600978675347915,1.1502803872757892,0.9554441137502317,0.26875788687389096,1.0170413315319946,0.5036825339123843,0.9572579553857077
199,0.1117102501525429,0.1796095659554089,0.3699049082551057,-0.08042652019438778,0.609816173013701,0.08415722064147058,0.6428011586255575,-0.1210344142256656,0.1896722304622791,1.1737180647907528,-0.14614323578313912,0.47909055136826695,0.3066420358033174,0.3354342415199552,0.6067051358463657,1.0909857276286181,0.11320733473301892,1.060427785818645,0.968255306505778,1.0942969429647613,0.626613237009373,0.667532929252231,0.10026491423296749,-0.15671597751654848,0.22607568588394494,0.7213693584481868,1.122636872097789,0.41352586931547136,0.024154818837071712,0.4281053431320698,0.917005746894783,0.9794717691797437,0.6041947182979133,-0.18726352216817535,0.368417569380595,0.13151908614311547,0.6676438068205441,0.34606448066372564,-0.1141095792402238,0.03367049130310645,-0.14977184201339783,0.6381101077771769,-0.1375410053577188,0.19496751177538485,1.0336302985391312,0.7244281265585872,0.040830647258565056,0.8095830736453165,0.2939725241472518,1.133930640645811
200,0.42720512280043205,0.15192240913739263,0.6532296495684261,0.14298682231734933,0.17338398001165906,0.36314094165030186,0.3275627672704541,-0.19104083985504097,0.15613251632438763,1.0490553485958531,-0.3220330891202212,0.5681705233282974,0.7494365637785243,0.7801713184378413,0.9061515115399239,0.8381385281743807,0.2053371722528995,1.1789202744511817,0.6590110849900906,0.8751967810777683,1.0284853806119933,1.1126425968988427,0.11859195272138612,0.008460837889900319,0.5683150929682967,1.1912366165885009,0.901717717261688,-0.010558734503068434,0.27675996504589845,0.1501538029667003,1.27968502079375,0.7663120473581461,0.2879601161486668,-0.31609358735590376,0.054448415473733136,0.4452653121190735,0.3437986506940737,-0.06262747051001849,0.06323619532576913,-0.26243310691359584,0.0400242443888128,1.1130148391228918,0.07490686992387302,0.13489850379453716,1.3189132095318277,1.1949639632843745,0.3778937413315667,1.2442685439498837,0.6868997372286215,0.9345776899969832
201,0.12934929132650264,0.12079169906477849,0.3529142121526336,-0.1307401361904058,0.5912578770966328,0.04875314653848284,0.6571449020429139,-0.15427539144990923,0.13101014065269345,1.223348773971559,-0.20375878889327395,0.520737420279409,0.33300653328180924,0.37286547683738297,0.609228443363106,1.1336082760952042,0.060792429878217424,1.1280311424330565,0.9603475869375573,1.1455773944752337,0.6540208179103828,0.7313111770471461,0.10912374881462261,-0.21249813743514573,0.2548210018080366,0.7853581738207804,1.172762577673648,0.3549057802509799,-0.017742911484207924,0.4307340685087274,0.9774795819477908,0.9730761026527351,0.6155977200079619,-0.24316308106839088,0.36013237957876476,0.15117998018838064,0.6826185448088922,0.28271630109022466,-0.16968307925088477,-0.03757826813212084,-0.2041027559768292,0.6970557885693264,-0.17678111670707058,0.13512193672466732,1.0958344122492902,0.7874395021968439,0.02196044158447652,0.8738994867975217,0.32937266656508407,1.1880085442687935
202,0.5030052153928899,0.2755561804124522,0.7959896114226825,0.33954024677495975,0.055236977458898884,0.5461952101965706,0.17909787143259054,-0.14114318854337368,0.2772613936154015,0.8903412081701886,-0.2555912825009701,0.5061584727520125,0.8521627207887978,0.8584350511260441,1.0104420667337868,0.6482664437226571,0.35843106456697243,1.0686662327746612,0.5633695683981236,0.6780287289983624,1.1138017373921638,1.1311052569659916,0.10517283096470473,0.19605600505321535,0.6286762541969498,1.218317371561091,0.7065082625006616,-0.03303030195752077,0.46489418678824324,0.04204089294193669,1.2753761608970857,0.7025367412470132,0.14581918772142838,-0.23626355179380523,-0.04207054387584516,0.5158232659443994,0.19073573993762488,-0.06868689868344557,0.254828131223339,-0.20914880497477023,0.23336420730881025,1.1534194521960281,0.2422394526521256,0.2489716108114578,1.2822289322406757,1.2245140067930054,0.5446755266731412,1.2576765586073613,0.7507466675901329,0.7383016618594829
203,0.45020577627028313,0.47664926470625946,0.8611983886865898,0.5175963979221625,0.1082344810285355,0.6744634291082087,0.12218936183130971,-0.028823605449899564,0.4776770782273624,0.7170408921882422,-0.062244281187830014,0.3654692973927306,0.7725421853327027,0.7408984851350602,1.0091036843364136,0.4958745652785071,0.5404873164181395,0.8396542962202633,0.5829392861836177,0.49676133277047724,1.0296029676827432,0.923196615486244,0.07523121419985279,0.39144839662004116,0.5384312457921251,1.0102914003247379,0.5291576728123883,0.1576975078130297,0.6147937232812465,0.02623093766232773,1.0767886637088406,0.719267519030949,0.09897429735474206,-0.0476531163546087,-0.021321410399242485,0.4560453009857244,0.1314523326460115,0.13863637476450336,0.4498021071558749,0.028028070080090506,0.42437984756702407,0.9628166256406925,0.3820409254834831,0.4527988409560461,1.0758145168952171,1.019857397389674,0.6176450122399506,1.0476670493127012,0.6389115084692638,0.547920409707714
204,0.36939533922201023,0.22646078789983887,0.6411368551465214,0.17822783852773155,0.2462674358685902,0.37388356501716646,0.34654965936943244,-0.1426412460399664,0.2311574525973818,1.0032447939460236,-0.23184739083388486,0.5073735818684756,0.6663502868703195,0.6834375112322466,0.8685285768165534,0.8156236129856146,0.258279764270333,1.0832447852250535,0.7042958776499794,0.8382852184131195,0.9488571929842935,0.9839083659796575,0.10573137370411312,0.057056585158773876,0.4939471608230076,1.059389441086185,0.8664167447817461,0.10949221757651662,0.29842365523780795,0.17904666776700615,1.1644730263642802,0.798672667000849,0.3106289430588639,-0.2334209650670778,0.10073641288769905,0.38520496666560916,0.3630135811937494,0.06138175432504889,0.11017430040973136,-0.1418359559224412,0.08401814010365005,0.9867032687606608,0.09798200020828779,0.21442096934517757,1.2105356276102663,1.0642251984672773,0.36187816679955165,1.1160847172773811,0.5986094597161471,0.8919937412098095
205,0.4857283529510821,0.24165365595021754,0.7601699310911981,0.28846430989377986,0.0827496566320503,0.4993755524426649,0.21613164823116995,-0.15544689514175267,0.24397806724775273,0.9321725888016148,-0.27551005945237017,0.5239568249401546,0.828909405181617,0.841852441447891,0.9852505885351369,0.6972153919988822,0.31778422297503256,1.0998897719089982,0.5861063670431671,0.7293172754345192,1.0948494545300582,1.1307837321788887,0.109014291872718,0.14680078545293984,0.6158787826979536,1.215914272276453,0.7572451593102814,-0.031397044838835764,0.4164151286098792,0.06849834633906532,1.2803752037728127,0.7176246488626926,0.1811232556884228,-0.25932530856006974,-0.019145075255142946,0.4999530442239084,0.2289286703509008,-0.07135289328651229,0.20461480397175558,-0.22675938128194156,0.18280707088190595,1.1474473753488053,0.19899158658867627,0.21732643666306073,1.2952125278055102,1.2214466779582496,0.5028925673379258,1.258619143287286,0.7375365277885393,0.7895561172467781
207,0.13073291994603153,0.11567537361078317,0.3512933275882384,-0.1352379465580148,0.5898534101878926,0.04552843478921442,0.6585505856917933,-0.15714021748525733,0.12591027306322755,1.2277385727197712,-0.20869753870752397,0.5243260236374033,0.3350887110025032,0.37591190761925164,0.6093015991007129,1.1374497370032175,0.05617576412764991,1.1338691583501057,0.9598096268551931,1.1501574129999408,0.6562140480962195,0.7366553287716877,0.10988739665893246,-0.2174443240957848,0.25716016302266465,0.7907085436190617,1.1772427753453778,0.3500011912871891,-0.021521037268047882,0.4310997107685972,0.9825759764959465,0.9726228765598641,0.6167474101704802,-0.24797525648723753,0.3595638159499337,0.15274080641992385,0.6840834846143228,0.2773917907170984,-0.1746170377807731,-0.0436470822074288,-0.20893444862444627,0.7019638404286718,-0.180307750694033,0.12993186549771396,1.1011196897279465,0.792704294739941,0.02014926611322665,0.8792956901040738,0.332267371591628,1.1928228590918435
208,0.08444193371507454,0.18006855256207444,0.3443083481838126,-0.10185712878181585,0.6477344327521437,0.05832222681976962,0.6711268917743471,-0.11597411921270265,0.19065336602409133,1.1864041171957935,-0.13255462629825662,0.4726295814748793,0.2684254829084697,0.29741985309822355,0.5803437333846715,1.1147561566639832,0.10330050992907547,1.05224570921398,0.995300205432399,1.1153792688165907,0.5920461075932182,0.630375381144483,0.09894546573161653,-0.17318790549601665,0.196820398199369,0.6820323712737293,1.1438408523048493,0.44900071073530423,0.00043024488675069694,0.4527423425642827,0.8870167256167469,0.9980817043639715,0.6325091253839683,-0.17777320672867244,0.39586701933842605,0.10447348593578816,0.6967509842775698,0.38002019900782225,-0.13164920332802588,0.05741578492960975,-0.16836909480716106,0.598157910942882,-0.1576292060259435,0.19825170461688424,1.0105352298160712,0.6849990831662112,0.010424531915179669,0.7733643476534731,0.26046530772369586,1.1533633958587606
209,0.11484969581109129,0.1544589315053435,0.35846406419696497,-0.10548241780503897,0.6080108698344288,0.0647807654570185,0.6535497264978978,-0.13446918193873728,0.1646731435525014,1.1970619292031088,-0.16864742631552518,0.4959030244087458,0.3117467619616449,0.3453179509650331,0.603509104526241,1.1131228995452982,0.08912045831635296,1.0880928569728585,0.9692530585336276,1.1197109628734352,0.6327575744539827,0.6888550961619032,0.10385005469540734,-0.18331241529026482,0.2336557956153173,0.7424281294615466,1.1475754012977548,0.39414278674256015,0.00233594033910256,0.43323106470216355,0.9380741375397144,0.9797490807238112,0.6136802569186495,-0.20969689013137352,0.36931909104047767,0.13556178524299978,0.6787898090930397,0.32440713072002914,-0.14078980602624058,0.006967780243693544,-0.17609080573864494,0.6569061952965812,-0.1576299672376979,0.1698346291648657,1.0565595721580634,0.7450527647481178,0.02780319712513729,0.8312884043213287,0.30371663205550725,1.1602766901172517
210,0.4698441385710145,0.20310084057582062,0.7230050834661197,0.23340888973046497,0.10879776998578877,0.44975489134171687,0.2543015111148239,-0.17237837514770452,0.20605680351852623,0.9779288348104336,-0.2999831299820862,0.5450474463731684,0.8077378166736844,0.8282265440795138,0.9602567262591537,0.7495359110852595,0.27299258751757466,1.1364576579940442,0.6082198902451912,0.7846617212800805,1.0780616290952811,1.1355020578146342,0.11355606550086778,0.09313407696362846,0.6053519138770027,1.2185675157307865,0.8119466664169296,-0.03439593835027477,0.36462180927941634,0.09516539629754714,1.2901533524013131,0.7322082256257287,0.21733090473338063,-0.28680598005346125,0.003127302872494714,0.48563534047199786,0.2683076311120317,-0.07902496468453368,0.15000640880160315,-0.2500014087948024,0.1279530336470458,1.1461328713328491,0.15263983897672107,0.18094991977435138,1.3131125232041603,1.2233584058518647,0.4596154969848376,1.2646441945373612,0.7271228379933274,0.8450875293882765
211,0.33156945413673033,0.14460026016890937,0.5583367798748672,0.05803012212831832,0.30728238568978217,0.2645779058925648,0.4318928693641857,-0.17786721587562118,0.15071698025066438,1.1023754865645041,-0.2818271192221873,0.5512291224530587,0.6156539726787109,0.6488068089893232,0.8114790416278035,0.9303586082753448,0.16161381315829138,1.159734343533227,0.7553263915456846,0.9590451608685264,0.9080215894074404,0.9883890806816615,0.1151862047140152,-0.059449815386547866,0.4672096515950952,1.0591563155370052,0.9858285291424902,0.10841432196648726,0.18481586277353823,0.2393945237162501,1.180776427088953,0.8324421743205991,0.3918005389784138,-0.2904039057754434,0.15216489581537881,0.35074133491885395,0.4510429000573595,0.05014608473710214,-0.008492657208626908,-0.18768356137428627,-0.03532869936449484,0.9779464086367168,-0.003519068067320996,0.13760701819751853,1.2451278729628341,1.0624025289481733,0.26537104617294316,1.1234825014037773,0.5714778121123147,1.0129047877468338
212,0.14882771989524518,0.13002679394662997,0.37668062508740946,-0.10494460201525968,0.5631963910298756,0.07572402809103562,0.631573025923362,-0.15299304911324949,0.13979160202745544,1.2048356331557084,-0.2054868506330048,0.5192300595398079,0.3600370106626468,0.397921748221077,0.6304332501098524,1.1071508226980755,0.07748148828869106,1.1236935691901995,0.9394621638971478,1.1199094711999644,0.6778882071684834,0.751359425874905,0.10875810655475274,-0.18987525102399866,0.27411392072642926,0.807159219181117,1.1471835921857239,0.3353945023888608,0.008558496214404188,0.4101014260095517,0.9921894001520208,0.9588605176042536,0.5905156807061425,-0.24181083055002575,0.33897689526211183,0.17014538205357477,0.6563027495024109,0.2652233711177388,-0.14621874722372485,-0.045407302378241254,-0.17997418865685705,0.7201854272619383,-0.1538959282061741,0.14220821621922486,1.1046082357829428,0.8094757606826086,0.04997796670107724,0.8930899312053214,0.3510648240215593,1.1632361844807613
213,0.3569145006042684,0.1724489988252037,0.5983374005749751,0.10895708136982873,0.2691541115966495,0.3137713869693482,0.389781495163636,-0.16809125659823435,0.17784193628322664,1.0626393474990126,-0.27086647560619925,0.5391313782938337,0.6503810381826027,0.6779357094431822,0.8430011000105102,0.8802416229276625,0.19924334147228046,1.1372329401969319,0.7255569868978162,0.9080836314563533,0.9377120365698921,1.0037237868493614,0.11254468881137605,-0.012039392007778982,0.48965636769248977,1.0770961767625993,0.935273837527997,0.09267731327989903,0.23452568781110905,0.20752491005915968,1.1888043019914727,0.8124185411910043,0.3511240989684939,-0.2751822333301934,0.12207541392176886,0.37483287366011586,0.40765608569169026,0.0385803020612574,0.040143042444291455,-0.18275055856850414,0.014020214519766094,0.9990870412577056,0.040390258116375644,0.1624433645519141,1.243757348917908,1.080928991164218,0.3122533182008258,1.1373911538799895,0.5959900965700217,0.9626404140709495
214,0.46339222190705665,0.24424343695721712,0.740472289566626,0.2733377420067954,0.11358357463109175,0.48018500617823756,0.23809816870349493,-0.15016822835376617,0.24697688266347673,0.940376100647233,-0.2625322637569806,0.5172471172934692,0.7975431434759517,0.8102281821213241,0.964206959073053,0.71449225444069,0.31189455788984727,1.0908304623340168,0.6078968283805617,0.7441305044859094,1.0663437598195853,1.0988436715861019,0.1076306632531891,0.13582152108464196,0.5915435545547831,1.182234347691709,0.7721987447600033,-0.0009892827428190643,0.3991472856102827,0.0879767749078078,1.2542566403579225,0.7326550387391199,0.20319202242217405,-0.24966915062292824,0.0029811433550407385,0.47771740983446975,0.25149229792543304,-0.04197344636024014,0.19277919793514137,-0.2051948072087863,0.1700840104445397,1.1134693512646514,0.18451286325922947,0.2222001545969285,1.2745068107711264,1.1877305765790613,0.47944409783177067,1.2274047622587516,0.7095707424159708,0.8029526836333665
215,0.3569145006042684,0.1724489988252037,0.5983374005749751,0.10895708136982873,0.2691541115966495,0.3137713869693482,0.389781495163636,-0.16809125659823435,0.17784193628322664,1.0626393474990126,-0.27086647560619925,0.5391313782938337,0.6503810381826027,0.6779357094431822,0.8430011000105102,0.8802416229276625,0.19924334147228046,1.1372329401969319,0.7255569868978162,0.9080836314563533,0.9377120365698921,1.0037237868493614,0.11254468881137605,-0.012039392007778982,0.48965636769248977,1.0770961767625993,0.935273837527997,0.09267731327989903,0.23452568781110905,0.20752491005915968,1.1888043019914727,0.8124185411910043,0.3511240989684939,-0.2751822333301934,0.12207541392176886,0.37483287366011586,0.40765608569169026,0.0385803020612574,0.040143042444291455,-0.18275055856850414,0.014020214519766094,0.9990870412577056,0.040390258116375644,0.1624433645519141,1.243757348917908,1.080928991164218,0.3122533182008258,1.1373911538799895,0.5959900965700217,0.9626404140709495
217,0.38124972874743895,0.16354751312436755,0.6163125565984049,0.1187700057719488,0.23618076694894127,0.3292650175264021,0.3692428089693448,-0.1769557935738559,0.16854608262201198,1.0597104679009226,-0.2900784185946603,0.5503342157203699,0.6847253343828157,0.7137244371889362,0.8644186774844638,0.8674441514286664,0.19954880378064505,1.1535767001123816,0.7028122675017141,0.8986891309235181,0.9692933726145082,1.0426514342826998,0.11488385002600413,-0.006979851515538538,0.5171899426041099,1.1177948139086062,0.9256146244133696,0.0558419158639506,0.247391717846688,0.188231991140767,1.2215278817414292,0.7966291419650223,0.33016773179332304,-0.29087239690423616,0.098952858198797,0.3992836346665042,0.3865849239872542,0.002271946206873543,0.04608549126553785,-0.21205161429046387,0.02098756327004553,1.0395451663688178,0.05073803178364811,0.1511366250852596,1.2712267025941921,1.1215593071565655,0.33379650855247794,1.17564717833168,0.6278848038450788,0.9549691442942073
219,0.46846050995148547,0.20821716602981594,0.7246259680305148,0.23790670009807385,0.11020223689452896,0.45297960309098534,0.2528958274659446,-0.16951354911235636,0.2111566711079922,0.9735390360622214,-0.2950443801678362,0.5414588430151739,0.8056556389529904,0.8251801132976451,0.9601835705215469,0.7456944501772462,0.2776092532681423,1.130619642076995,0.6087578503275554,0.7800817027553733,1.0758683989094444,1.1301579060900926,0.11279241765655793,0.09808026362426758,0.6030127526623746,1.213217145932505,0.8074664687451998,-0.0294913493864839,0.3683999350632563,0.09479975403767728,1.2850569578531577,0.7326614517185998,0.21618121457086226,-0.28199380463461465,0.0036958665013256953,0.48407451424045467,0.26684269130660115,-0.07370045431140748,0.1549403673314914,-0.24393259471949452,0.13278472629466287,1.1412248194735035,0.15616647296368344,0.18613999100130474,1.307827245725504,1.2180936133087674,0.4614266724560874,1.2592479912308092,0.7242281329667835,0.8402732145652265
221,0.4411565875176179,0.24816243448319736,0.7216319535567818,0.2597496829807705,0.1441419766605923,0.4622749165694967,0.25921737357894,-0.14422667489591565,0.25129176595591124,0.9472175068548965,-0.24849413874105916,0.5097091206902215,0.7662803535066023,0.7784519909808545,0.9435909102172837,0.7303624761611809,0.30737918875221065,1.0803842134872468,0.6293695894724265,0.7573896438049761,1.0378506767184097,1.0661367212872872,0.10606983702164585,0.12641390938686203,0.5670927935483948,1.1478228393948398,0.7856222641336925,0.030099016564392622,0.38326875562682894,0.10694217677300183,1.2273144592686476,0.7474885173766977,0.22448056149559736,-0.23891629352724866,0.024790803841089892,0.4555321930028823,0.27317988344951183,-0.011777986942746455,0.1825301413816361,-0.1824467027341174,0.15893869711552178,1.0788857544540764,0.1712961144614891,0.22837448672682992,1.252811298346531,1.1533068143735377,0.4569841590875872,1.1953939809756342,0.6814162994315405,0.814761886367052
222,0.46339222190705665,0.24424343695721712,0.740472289566626,0.2733377420067954,0.11358357463109175,0.48018500617823756,0.23809816870349493,-0.15016822835376617,0.24697688266347673,0.940376100647233,-0.2625322637569806,0.5172471172934692,0.7975431434759517,0.8102281821213241,0.964206959073053,0.71449225444069,0.31189455788984727,1.0908304623340168,0.6078968283805617,0.7441305044859094,1.0663437598195853,1.0988436715861019,0.1076306632531891,0.13582152108464196,0.5915435545547831,1.182234347691709,0.7721987447600033,-0.0009892827428190643,0.3991472856102827,0.0879767749078078,1.2542566403579225,0.7326550387391199,0.20319202242217405,-0.24966915062292824,0.0029811433550407385,0.47771740983446975,0.25149229792543304,-0.04197344636024014,0.19277919793514137,-0.2051948072087863,0.1700840104445397,1.1134693512646514,0.18451286325922947,0.2222001545969285,1.2745068107711264,1.1877305765790613,0.47944409783177067,1.2274047622587516,0.7095707424159708,0.8029526836333665
223,0.07773222606838899,0.20404170351412249,0.35168834736466126,-0.08096433598416697,0.6546306518182542,0.07321395800745334,0.6647778592000932,-0.10251054705115345,0.21455377198732511,1.1659443608381532,-0.10930381146565951,0.4557635162372048,0.25835178710231543,0.2828304442639113,0.5797809902627542,1.096957804475841,0.12484630476068093,1.024827073601304,0.9980462011422578,1.0940984346382319,0.5814826042948722,0.6050285995392293,0.09535686237362209,-0.15015314178281475,0.18561756077283292,0.6566382687286165,1.1230286812098198,0.4722741536691707,0.017932262961770085,0.4512349818246817,0.8628904842824765,1.0003603322993013,0.6273592945104203,-0.15514958174952312,0.3987597651589609,0.09693548933254052,0.6901308664111729,0.405248240266016,-0.10868063804273931,0.08604557392504131,-0.14588845909518572,0.5748308758118198,-0.1412750443892425,0.22259392472102574,0.9855816349142518,0.6600051306240965,0.018655877682625166,0.7477815467613236,0.24662433218119972,1.1309711462823013
225,0.14882771989524518,0.13002679394662997,0.37668062508740946,-0.10494460201525968,0.5631963910298756,0.07572402809103562,0.631573025923362,-0.15299304911324949,0.13979160202745544,1.2048356331557084,-0.2054868506330048,0.5192300595398079,0.3600370106626468,0.397921748221077,0.6304332501098524,1.1071508226980755,0.07748148828869106,1.1236935691901995,0.9394621638971478,1.1199094711999644,0.6778882071684834,0.751359425874905,0.10875810655475274,-0.18987525102399866,0.27411392072642926,0.807159219181117,1.1471835921857239,0.3353945023888608,0.008558496214404188,0.4101014260095517,0.9921894001520208,0.9588605176042536,0.5905156807061425,-0.24181083055002575,0.33897689526211183,0.17014538205357477,0.6563027495024109,0.2652233711177388,-0.14621874722372485,-0.045407302378241254,-0.17997418865685705,0.7201854272619383,-0.1538959282061741,0.14220821621922486,1.1046082357829428,0.8094757606826086,0.04997796670107724,0.8930899312053214,0.3510648240215593,1.1632361844807613
226,0.0668655725318758,0.1516535260078843,0.3113504602039492,-0.1471561658197973,0.6751043042342434,0.016101224191718777,0.7054114371214579,-0.12741477026485373,0.1628170359769714,1.2229564598371652,-0.1477500039990355,0.4868468818500009,0.24459846224614284,0.2792167351673359,0.5562238543934175,1.1585326358045327,0.06805564106013717,1.077541895667431,1.0174359226664886,1.1608176197250246,0.5722413238713676,0.6259225496845945,0.10202246676944049,-0.21639995042874344,0.1827815406523086,0.6755863773066128,1.1888296981793005,0.4543655314654438,-0.042946522980123136,0.4777310964594398,0.887838345501668,1.012845399335746,0.66534002325472,-0.1960689769508164,0.41820669644623165,0.0881033002766302,0.7320967959125975,0.3816040881113086,-0.17578592731927412,0.045301865059812985,-0.21291356086454222,0.5886459238894687,-0.1962041856262126,0.17205012761521066,1.018837241605169,0.677984997376098,-0.028081916762004056,0.7700786261893858,0.24560130438892502,1.1985874281075848
227,0.3372168590796963,0.15396391035284096,0.5690603523283003,0.07284130576174741,0.2984644178392656,0.2783519315786504,0.4207465533081611,-0.17407157848072288,0.1598927203053626,1.0903999928619548,-0.2767497521357474,0.5465113774746824,0.623303194270135,0.6546043140749278,0.8192869465545938,0.9160613032591469,0.17317314586183424,1.1513576636883416,0.7481757487232364,0.944186253330978,0.9143648455116522,0.9896610924399392,0.11416557337577124,-0.045300167397728186,0.4716812116690601,1.0610735333054775,0.9711183479385708,0.10683302929305116,0.1989817247504258,0.23129132299393534,1.1803483993969435,0.8276759643598115,0.3811330631277655,-0.2843266271249455,0.14494918166241644,0.3559925376502718,0.4395510532426245,0.04980243761144809,0.005956021384545762,-0.18356808047674794,-0.020751240626251943,0.9808704803672613,0.009083939194816149,0.14625627772729644,1.242271624929986,1.0645064197933145,0.27789733969383,1.1243749382596957,0.5761989047072006,0.9981078317914887
228,0.4004402750118663,0.19358615124695489,0.6517320119891027,0.16714797013220278,0.20639787215477165,0.3744854643865366,0.3323600057493951,-0.1649693551771371,0.19796119297293358,1.020775670705574,-0.27431014865494296,0.5354424845326862,0.7107682788766867,0.7338156478123128,0.8905088974124242,0.8206244936747605,0.2370394317470923,1.1270071807531787,0.6788051625440185,0.8501715520586429,0.9910020323272553,1.0481827950182494,0.11165913827673563,0.039081361937812364,0.5326835731611638,1.1254821807773048,0.877569702762148,0.04938337722670194,0.29378766719836763,0.16126110958821444,1.2213228474485067,0.7806046398395372,0.29482240675724114,-0.2717347536202698,0.0747211113441924,0.41719372427524504,0.34856253735570997,-0.000154642787528525,0.09314818394569119,-0.19976680063983215,0.0685048531419542,1.050488429002835,0.09197561223885925,0.17877200977438168,1.26295857618837,1.1298494670017394,0.3751900113837583,1.179923542621221,0.6443451425337003,0.9067147210095265
229,0.1708964866289965,0.14586614760663819,0.40668958924668114,-0.0698229709548931,0.5308547168482906,0.11106935312711763,0.5995994827696256,-0.14878714635804866,0.15507165589810223,1.178547232854742,-0.20295927944137473,0.5140802286662598,0.39051116352594767,0.42513047646737434,0.6557927164492657,1.071846754731081,0.10179384783452194,1.1130548903355644,0.9149185855570549,1.0848642983206787,0.7044659342027347,0.7704228073198461,0.10760841639223437,-0.15814047838817974,0.29507028790160017,0.8283186634737738,1.1123380378201109,0.31656563392354203,0.043616455096843754,0.3850193867077324,1.0050819902243364,0.9422361124219223,0.5593679447144901,-0.23570741031765854,0.314137977751719,0.19143392112699803,0.623381951736218,0.24920588981172548,-0.11348634957770254,-0.04914317206554347,-0.14654052431898995,0.7433500034744454,-0.12316873545325108,0.15553951644065045,1.1102067995119245,0.8309969626246951,0.08526185308028167,0.9110762033978208,0.3743808093971716,1.129046705800439
230,0.2333462800295547,0.104390176201827,0.44213639465188154,-0.06507412434919602,0.44813829846604125,0.13423618038161234,0.5572933942947391,-0.18107709391566515,0.11274078543787369,1.189445973497715,-0.26780727983771424,0.5547586949329449,0.47916976888700574,0.5210610437623113,0.7061291785356575,1.0574719931323475,0.08384875187317309,1.1748360531755655,0.8596027810126688,1.0814253260046076,0.7871178919421008,0.8829737641008206,0.11616008754897478,-0.16630977279863662,0.3688547087754428,0.945032555081128,1.1078771440198287,0.2106796287595954,0.058407375550377894,0.3414205058277965,1.1021362018725704,0.9035134291326244,0.5150513441362927,-0.29181543414879396,0.25781569511209784,0.25486981430543715,0.5800712590340684,0.14285412243509876,-0.11954336395650977,-0.14213102213862433,-0.1497896064138115,0.8577142750030009,-0.11324512611724213,0.10814577195758335,1.195748241501534,0.9472053558600884,0.12827605888926463,1.0222683286960161,0.46060003066521665,1.1305808871208998
231,0.259248486552782,0.22443203216326707,0.5355169686122803,0.08740365113556242,0.3998294543102518,0.26606862435116263,0.46313520071047865,-0.12418914050079463,0.23127059587270937,1.0583258574375312,-0.18019744699059295,0.4837612328731965,0.5120884783544031,0.530735257220151,0.7610811050372366,0.9154893358264478,0.21435958681137268,1.0543285513247262,0.8141763330039148,0.9277517626848621,0.8095625963127713,0.8364520650819639,0.10093277192427505,-0.013887659268640828,0.37642579904492945,0.9030500087407478,0.9563033018483889,0.25042145746556166,0.19879321668550015,0.2797964555405654,1.046061488199115,0.874219476675539,0.4269731345801563,-0.19838759246251467,0.2122433183131012,0.276101452962619,0.48283107029608235,0.19579579199277847,0.034885255107331536,-0.04962802375135161,0.004493991341330494,0.8275177682035456,0.013372620686038894,0.22385733791730905,1.1203820041536972,0.9074451143696459,0.23649957847260183,0.9724966669178338,0.4641720290158974,0.9749118662947451
232,0.38124972874743895,0.16354751312436755,0.6163125565984049,0.1187700057719488,0.23618076694894127,0.3292650175264021,0.3692428089693448,-0.1769557935738559,0.16854608262201198,1.0597104679009226,-0.2900784185946603,0.5503342157203699,0.6847253343828157,0.7137244371889362,0.8644186774844638,0.8674441514286664,0.19954880378064505,1.1535767001123816,0.7028122675017141,0.8986891309235181,0.9692933726145082,1.0426514342826998,0.11488385002600413,-0.006979851515538538,0.5171899426041099,1.1177948139086062,0.9256146244133696,0.0558419158639506,0.247391717846688,0.188231991140767,1.2215278817414292,0.7966291419650223,0.33016773179332304,-0.29087239690423616,0.098952858198797,0.3992836346665042,0.3865849239872542,0.002271946206873543,0.04608549126553785,-0.21205161429046387,0.02098756327004553,1.0395451663688178,0.05073803178364811,0.1511366250852596,1.2712267025941921,1.1215593071565655,0.33379650855247794,1.17564717833168,0.6278848038450788,0.9549691442942073
233,0.13073291994603153,0.11567537361078317,0.3512933275882384,-0.1352379465580148,0.5898534101878926,0.04552843478921442,0.6585505856917933,-0.15714021748525733,0.12591027306322755,1.2277385727197712,-0.20869753870752397,0.5243260236374033,0.3350887110025032,0.37591190761925164,0.6093015991007129,1.1374497370032175,0.05617576412764991,1.1338691583501057,0.9598096268551931,1.1501574129999408,0.6562140480962195,0.7366553287716877,0.10988739665893246,-0.2174443240957848,0.25716016302266465,0.7907085436190617,1.1772427753453778,0.3500011912871891,-0.021521037268047882,0.4310997107685972,0.9825759764959465,0.9726228765598641,0.6167474101704802,-0.24797525648723753,0.3595638159499337,0.15274080641992385,0.6840834846143228,0.2773917907170984,-0.1746170377807731,-0.0436470822074288,-0.20893444862444627,0.7019638404286718,-0.180307750694033,0.12993186549771396,1.1011196897279465,0.792704294739941,0.02014926611322665,0.8792956901040738,0.332267371591628,1.1928228590918435
234,0.3821458663551933,0.29277661290764273,0.6912456048513793,0.2612086230750252,0.22175011351950533,0.4452126785115049,0.2961669473837154,-0.11093826273098564,0.2966680357478006,0.9315600688030443,-0.1826933488067569,0.4677992424835147,0.6823518566037482,0.6866144884826091,0.8973726392990276,0.7385717352736285,0.32978633840045835,1.0162319071316335,0.6807509206697218,0.7546242557765926,0.9592826671653407,0.9561015645540754,0.09724736742247947,0.1402890824495452,0.4964616739351815,1.0339651142544488,0.7839222226105286,0.13345918124601863,0.37459634884451354,0.14641989240826872,1.131799170988503,0.783555956795513,0.2636030831728325,-0.1812875362517873,0.07713391446236548,0.395388992408816,0.31097343725611937,0.09255142199823951,0.19445401614329688,-0.08940127025203598,0.16815752858018207,0.9677524022458504,0.16675878837110913,0.27850644161834837,1.1676012653073262,1.04002283231574,0.4199095524272961,1.0865366929624176,0.5986733954170252,0.8071368833717687
235,0.4506535923065871,0.17306220245323334,0.6875856280754219,0.18503092537021099,0.13858066477995845,0.40453444448158227,0.29118431433477354,-0.18436481354442322,0.1766416931676048,1.0168636320057822,-0.31575139992180346,0.559939177560852,0.7816948721798134,0.8081353334561371,0.9341665063311932,0.7963555688391653,0.23550195955112752,1.1630271773532468,0.6322269952028868,0.8331793001449557,1.0563529693825342,1.1299706970790844,0.11678077725013628,0.047072863510277674,0.5898582833199488,1.210880148862088,0.8599915880681511,-0.027937399713026,0.31822585992773683,0.12213627785009971,1.2903583866942354,0.748232727751214,0.25267622976946247,-0.30594362333742764,0.02735904972709932,0.467725250863257,0.30633001774357593,-0.0765983756901315,0.10294371612144987,-0.26228622244543404,0.08043574377513724,1.1351896086988318,0.11140225852150998,0.1533145350852294,1.3213806496099822,1.2150682460066904,0.4182219941535572,1.2603678302478203,0.7106624993047059,0.8933419526729574
236,0.34142955384944174,0.2382003296714003,0.6213456632837002,0.16860691022645746,0.28400600901368467,0.3574232263285449,0.36930957955417054,-0.1316809430122071,0.24333746276482293,1.0051182326537216,-0.20850935872064066,0.4935326063259794,0.6268397819738325,0.6419781453140674,0.8442906264941681,0.8288337527872081,0.25944658139534,1.0628548743975652,0.7301864937413138,0.8474061640302595,0.9124340227741863,0.9381476382850376,0.10283666867756922,0.05295653500049552,0.46205245354795044,1.0116244556369138,0.875869661238984,0.152743541908328,0.2851152604160522,0.2007388252234813,1.1258075591683623,0.8166720792583524,0.33394492843447626,-0.21410599634480834,0.12706422196546802,0.35705052368117873,0.3863560911623175,0.10417476615345744,0.10507205870735198,-0.10672136815775074,0.0777236846066145,0.9393550767946087,0.08743828614847932,0.22890396466590007,1.1777485431491654,1.0165654849439418,0.33811540472346724,1.071066254608004,0.5616022385191852,0.8990897180142432
237,0.1708964866289965,0.14586614760663819,0.40668958924668114,-0.0698229709548931,0.5308547168482906,0.11106935312711763,0.5995994827696256,-0.14878714635804866,0.15507165589810223,1.178547232854742,-0.20295927944137473,0.5140802286662598,0.39051116352594767,0.42513047646737434,0.6557927164492657,1.071846754731081,0.10179384783452194,1.1130548903355644,0.9149185855570549,1.0848642983206787,0.7044659342027347,0.7704228073198461,0.10760841639223437,-0.15814047838817974,0.29507028790160017,0.8283186634737738,1.1123380378201109,0.31656563392354203,0.043616455096843754,0.3850193867077324,1.0050819902243364,0.9422361124219223,0.5593679447144901,-0.23570741031765854,0.314137977751719,0.19143392112699803,0.623381951736218,0.24920588981172548,-0.11348634957770254,-0.04914317206554347,-0.14654052431898995,0.7433500034744454,-0.12316873545325108,0.15553951644065045,1.1102067995119245,0.8309969626246951,0.08526185308028167,0.9110762033978208,0.3743808093971716,1.129046705800439
238,0.14882771989524518,0.13002679394662997,0.37668062508740946,-0.10494460201525968,0.5631963910298756,0.07572402809103562,0.631573025923362,-0.15299304911324949,0.13979160202745544,1.2048356331557084,-0.2054868506330048,0.5192300595398079,0.3600370106626468,0.397921748221077,0.6304332501098524,1.1071508226980755,0.07748148828869106,1.1236935691901995,0.9394621638971478,1.1199094711999644,0.6778882071684834,0.751359425874905,0.10875810655475274,-0.18987525102399866,0.27411392072642926,0.807159219181117,1.1471835921857239,0.3353945023888608,0.008558496214404188,0.4101014260095517,0.9921894001520208,0.9588605176042536,0.5905156807061425,-0.24181083055002575,0.33897689526211183,0.17014538205357477,0.6563027495024109,0.2652233711177388,-0.14621874722372485,-0.045407302378241254,-0.17997418865685705,0.7201854272619383,-0.1538959282061741,0.14220821621922486,1.1046082357829428,0.8094757606826086,0.04997796670107724,0.8930899312053214,0.3510648240215593,1.1632361844807613
240,-0.02032872266583355,0.5195311302657158,0.43955376895454484,0.18613618223822415,0.7589749135394166,0.25979716662668906,0.5914544825179473,0.07639876513340108,0.5292741498978705,0.9013948275519207,0.2014064258545254,0.23159670050850525,0.11210616771281595,0.07726131976611716,0.5628986348636187,0.8714006539740973,0.4046802571984331,0.6612409074580452,1.043891187976808,0.8217686645938866,0.43010689253487694,0.25827342999267655,0.04768061935196399,0.14690452363794332,0.027742861174691796,0.30847687483716735,0.8569070954043179,0.7911530644430145,0.23960815389053086,0.440268631211337,0.5347674096933291,1.0370244207539319,0.5698052199277978,0.14583719608366313,0.4466804803452965,-0.011940037839303114,0.6135228768499403,0.7492901027889226,0.18712232405642598,0.47115938609757885,0.1431162936690643,0.25363684374839135,0.06661059197456148,0.5439538439928321,0.6490554910272787,0.3170738950298023,0.11598957512568514,0.39825959402076067,0.05252045651389739,0.8434294320256996
242,0.33470254655277876,0.9162584790886408,1.0036767533363191,0.9067814927265292,0.2242014830487644,0.95479481558019,-0.0021359689204526466,0.2167319109683899,0.9158069442567915,0.3382272108601673,0.36046924001423314,0.057891206846651264,0.5983739366338191,0.4838429077529608,1.0061016562442173,0.16280068317353358,0.9384503087397817,0.338989590706248,0.6257986578357442,0.10055515554110817,0.8454368290942529,0.46858188647472704,0.009772285432559275,0.8185464335332981,0.34106283071709487,0.5554138777238464,0.14151434483074066,0.5747485020853693,0.9424192503168436,-0.008259854585832532,0.6425715309756899,0.7558963254459634,-0.003351073402130811,0.36469399157868315,0.024117441318189686,0.3252870188659687,0.0019375170616636184,0.5919621803021651,0.8759823628572165,0.5465870663284071,0.8419037619538394,0.5460259136340418,0.6876016726086587,0.8983933151066452,0.6245069527264798,0.5723453420390373,0.7770750927935972,0.5884623447819344,0.3943327570064685,0.13178574093270246
243,0.39695068952748225,0.8279173162085047,1.0120659033049206,0.8599738980387186,0.1465466524295273,0.9360316931937325,-0.018070227302953323,0.16047874900469816,0.8270100120622386,0.3955405187541332,0.2566180995596527,0.1285290402890709,0.6880660851343886,0.5897764372120031,1.0446070472525772,0.19505218893688858,0.873321206092693,0.4506139147931343,0.5783607796068566,0.1492639391684334,0.9318753586265399,0.6126869818118837,0.02472554620678518,0.757046625729827,0.42249637410025787,0.7027053330015968,0.18834031269620638,0.440555251773765,0.9111884948615396,-0.03680758697278999,0.7723002234287141,0.7218302852654293,-0.023656992481095485,0.268803639049722,-0.024416648666352958,0.39025756332787714,-0.014085370838163414,0.4527182654917079,0.816200912572282,0.4090144054427761,0.7853696678629003,0.6866055057293613,0.6555428352731936,0.8047958450443026,0.7477311499905435,0.7183001095409229,0.7889991262457965,0.7321329340549213,0.49129662151682607,0.18684132786997948
244,0.09813662558310429,0.47651779964823304,0.5272411423917445,0.23425661045997953,0.5984260899804392,0.3355057396848531,0.49129250549699865,0.03340934799345552,0.4843383167706371,0.8868209673850391,0.10814821602636962,0.2859281410276818,0.27928728285456744,0.2514128546318432,0.6672400410966568,0.808785012579322,0.4064885524565783,0.7404629760423067,0.9331161695489839,0.775681098610991,0.5838191610533207,0.4475584821478249,0.05902407207374867,0.17189754318411976,0.16172431206209836,0.5063897611357769,0.8095367699901563,0.6120309826279957,0.30255342146027514,0.34624814280065397,0.6938434097553954,0.960129860676852,0.4676260488926104,0.0697283266266403,0.3340667644157524,0.10707590128834404,0.5107625697857926,0.5727648824244448,0.2164160268639551,0.32882534933581625,0.177396220593454,0.450408621707582,0.11726947331012616,0.4892272253816277,0.7825197960307037,0.5146598537731895,0.22107361184262672,0.5842688888934237,0.20771083566517926,0.8057212053571503
245,0.2646308294114677,0.6533249297869589,0.7864928250256339,0.5620741360072194,0.3485833088514008,0.6532000320614171,0.21808266598932563,0.0944874609264445,0.6564425768741604,0.6318525881029072,0.17503198658415858,0.2103841079334122,0.5075851861844685,0.4441095461173262,0.8727887509725112,0.4856407707225424,0.6475149972858105,0.5991802654378342,0.7385627787605243,0.4477142054557842,0.7793877828865869,0.5524594532377114,0.042510790415271664,0.47637759787615985,0.3102085065214052,0.6282785592374558,0.48412964578088047,0.5049138218353058,0.6231020691350209,0.1388394141959451,0.7508847490426426,0.8291840077971597,0.20353342661511806,0.1645052192032134,0.13739861770612988,0.26556271336339454,0.2292933582671967,0.4924503379108147,0.5288945242211669,0.35537258049190285,0.49461842993071226,0.5927532868285169,0.4002391786940137,0.6463294794235775,0.7784708933391311,0.6402933981948469,0.5250084519667315,0.6799220329140178,0.37017321198358083,0.48251537713730586
246,0.08423501837376586,0.936218536817484,0.7775904425934174,0.7272006742689782,0.5708857834814123,0.7315137404183105,0.24925576403544294,0.27127452443942346,0.9404303152601429,0.4391922413207816,0.4984203456811682,-0.01153473008543554,0.2469015036507268,0.13121490333073094,0.7678732169895135,0.36553540266161766,0.8632786781037818,0.24707112658780445,0.8716348549451526,0.2767373943141317,0.5265696932807664,0.11658685424312792,-0.004500942653158063,0.6851208245537437,0.06970221220274106,0.1837226926410877,0.3191035091912711,0.9101924981832754,0.7399027424054085,0.21304345980992817,0.3560629932280382,0.9253160351844847,0.24872975699431632,0.4652526226684376,0.2737007073188529,0.0762824984326701,0.26020129275851295,0.9149889730240821,0.732879324677461,0.7797305408788613,0.6889358532884269,0.17014768608988184,0.5171384980810289,0.9440885433986614,0.3996561445896509,0.2000875785316737,0.5081542569400848,0.2447825026406486,0.08286650702193588,0.2923506517069502
248,0.16542893284616972,0.5401136628728114,0.6275148670857417,0.3581266199462181,0.4982489070614994,0.45690503069083693,0.38525881414380153,0.05406806159709118,0.5460997380898589,0.7915425828286664,0.12861910239279864,0.2604306108310893,0.37177977298403003,0.33102116450089814,0.7483645239300667,0.6859736174739008,0.4959994342816076,0.6917343838404867,0.8557714939922219,0.6518503748551729,0.663540824719739,0.4952974803455868,0.05342570144938044,0.28603135270162494,0.2230573173024394,0.560833597854875,0.6865960226382566,0.5639431856206801,0.4244171446210564,0.2649143674827322,0.7224179816086481,0.907963504800187,0.364881090792504,0.10134717010154207,0.2558518040842369,0.17142292291003924,0.4015434035977794,0.5347424838282162,0.3337178074578502,0.33204411422557567,0.2966903256959532,0.5123889190214541,0.22461811573914336,0.5449664174851945,0.7872352418074378,0.5704778513865456,0.33873632478744614,0.628424112302517,0.275218142320651,0.6840473191522852
249,0.3014383475223267,0.6425174559452235,0.8152033282098403,0.5798292758212222,0.298439501544762,0.6789999416290405,0.18553478411183896,0.08243986887538207,0.6450162124284604,0.6247974458960431,0.14818967405015285,0.22562801683671085,0.5594570284194496,0.4976578773733702,0.905842722827832,0.46365183409072,0.6506469400078081,0.621072319161607,0.7037258027748099,0.43055828233025806,0.8269260988174835,0.6095344443738848,0.04568546575784065,0.4870457705307071,0.351407825399368,0.6880866400355391,0.4666221803627316,0.4508186829652309,0.6451604569017473,0.10881581544513864,0.7985154747918806,0.8050461182200339,0.17048760343084512,0.14303210994653784,0.101995411794816,0.3024466684997295,0.19588851268417545,0.4394115651325583,0.540919990783585,0.3135908724495707,0.5081687311948694,0.6524445535742259,0.41826126072124903,0.6318477078165343,0.8178735507761666,0.7000452096118435,0.5593421989075555,0.7359291897122345,0.41779161497928186,0.46788733421254775
250,0.10408967200450957,0.8964825398680185,0.7736399734460844,0.6995951813884947,0.5472961498546028,0.7152354217591295,0.25062553165304663,0.2474129975138894,0.9006464272392767,0.4688964943560027,0.45565228172011046,0.018396252693876847,0.2758342812372707,0.1675396954307989,0.7772851888302291,0.38727794308874186,0.8308866733101917,0.29498202667953977,0.858397608829289,0.30509575505502295,0.5551369928864923,0.17040022375573743,0.0018497109162212075,0.6523825419864036,0.09761601635820882,0.23831551491548125,0.34664879202870846,0.8603444254713122,0.718634800839215,0.20760486015431798,0.4055540933610482,0.9155648187924867,0.24812285544855012,0.424839040830153,0.2600909458489444,0.09743328876439067,0.2617672634225734,0.8624019845028636,0.7005939271847891,0.7248115946479563,0.6577965312810378,0.22152500062816874,0.4965959535820049,0.9028339739505225,0.4482951389329187,0.2540492313284157,0.5043455465514082,0.2986835269242046,0.11650503000875193,0.3230751649860649
251,0.2356783361782152,0.9731108001862949,0.9423597050762851,0.8894754185712794,0.356271084766734,0.9101212415836032,0.06992329360739857,0.26336784877859115,0.9740900265433009,0.3297558172393115,0.45585859223588365,-0.0009036266356778899,0.4580417677077255,0.333685591568983,0.9240718658770231,0.194429174912575,0.9579445758224738,0.25051739646219046,0.7149711392487809,0.11589717225283297,0.7151476672504904,0.29616814368057864,-0.002568313945761458,0.8213797462145529,0.22556177225976284,0.3762164496303344,0.15831286750150203,0.7372138236800612,0.9102458018689674,0.06370130684795339,0.49493338347521953,0.8181569079755922,0.07144709996633372,0.4460822635973294,0.11486821935576183,0.22502912378917536,0.07576286286266745,0.7542961205049614,0.8753928919708549,0.6855207517740113,0.8369469290414475,0.3697253432481124,0.6639092863487202,0.9647510575450242,0.4960670454669423,0.39379149837776395,0.702998482542781,0.4183777366173205,0.2597090746946583,0.13950561279659618
253,0.26935826076295943,0.9453447776182541,0.9583823485334069,0.8861173792688097,0.3122117412602826,0.9178086084523018,0.05012005025551969,0.24318950375897336,0.9459084669778196,0.34096808145999485,0.4163819900479839,0.024490475909434872,0.5060079924204861,0.38660644688368956,0.9498788725222551,0.1920260756279371,0.9428411495061038,0.28958378250129413,0.6860228747731385,0.12003003676025531,0.7601883740450877,0.36053374584556785,0.0027820558525199005,0.8108462674466108,0.26626040940576984,0.4427165632915153,0.16179535058958888,0.6768180654922439,0.9129429282129153,0.04190026148761691,0.5510643217572806,0.7977937238451617,0.05028765567367696,0.41123299233972677,0.08536647060132078,0.25944063208604445,0.05552264536603291,0.6931224532576196,0.8659541351701701,0.6302165378500711,0.8290740300311462,0.43445643296768277,0.6644434866346878,0.9338672792161159,0.5465599059795083,0.4599233467239607,0.722642014816368,0.48211615328378077,0.30747406014392953,0.1464801574782303
254,-0.05979136060050369,0.34118324957967117,0.29988815976545746,-0.0411899779804733,0.8321115925339844,0.06298927724157921,0.7323731843277188,-0.007947167652244291,0.35319162903752654,1.0966737578658492,0.07171755221343279,0.3368571358073358,0.06182626031745048,0.061526503511798725,0.4803048975383586,1.0832163653098923,0.21040608482537138,0.8400042912363734,1.1123559435173074,1.0508591237133615,0.3955203932794015,0.3260680265205361,0.07025892318434387,-0.0801614806405227,0.015446424325570085,0.36944897397143217,1.0828820353613438,0.7333721275917205,0.030166714344508128,0.5327144407943525,0.6170128939205693,1.0812168401291895,0.7016895663710978,0.0073569675603481766,0.5153765415178229,-0.04445493797749203,0.7590489287359099,0.6718418067457174,-0.04296325678545565,0.3345634632989334,-0.08679165525940341,0.29707462901841053,-0.12224338081930292,0.3721412312166481,0.7602120099756521,0.3747406860786212,-0.04590255293717793,0.47091674734914196,0.04601391533827884,1.0754258123019864
255,0.030740599619171666,0.5314120654421561,0.49479592756371915,0.24024417508458656,0.6866602066055905,0.3195282129709804,0.531292924500917,0.0734458433239257,0.540069733170536,0.8650441958472362,0.18658682512867797,0.23554008594045445,0.18332205876122096,0.14566078796860057,0.6154325606883698,0.8142554406987157,0.4360405750455459,0.662999077397473,0.9911531585159093,0.7681515107788554,0.49374694537246816,0.31921151680550214,0.04840890973237012,0.192217901630104,0.08039535892374391,0.37375779912839924,0.8032963680606957,0.7324804223977198,0.29650323046684485,0.3900854466467552,0.5819898205544989,1.0009424714379191,0.5103066951273538,0.1388966362973883,0.3932099956624261,0.03824063078595122,0.5516503714278498,0.6947058278128673,0.23454026686629487,0.4388556068073759,0.1923934337046852,0.32125453605352083,0.11560461010831535,0.5503694760205836,0.6820190309252075,0.38275298806148,0.18132579684672356,0.45719003558078386,0.11228613669257262,0.7925249450780604
257,0.34162410539525123,0.7600695384907058,0.920702277400699,0.7410659978402838,0.2304979684037892,0.8223619792450964,0.0777947504773289,0.13552530920167377,0.760801710021309,0.4892552435736226,0.22680490211796384,0.1594550308799359,0.612457304859835,0.5277381558068563,0.9740446965757665,0.31144715464222145,0.7840861464518702,0.507245722356189,0.6445013172458518,0.26833671056148645,0.8676715776792798,0.5840039793487123,0.031456994733172594,0.6455424972809041,0.374680757111984,0.6681908554651336,0.30639524556835185,0.47060712891484247,0.7957733002953785,0.03500013814202285,0.7597282377776761,0.7662208838101102,0.06872017273888775,0.2295761536355508,0.04240863746634391,0.33792844716060977,0.0847008344448415,0.4729760886535087,0.7019639717671438,0.3915075591653162,0.6696431570748318,0.6444479271252632,0.5533937860430717,0.7436203579828681,0.7564215486224091,0.682380091971359,0.6820115862207989,0.7067010205491415,0.4394427499433329,0.30460088525634077
258,0.09416116280679426,0.6729192173197862,0.6360621426829273,0.44644047802533854,0.5839256449451862,0.5065852662232019,0.3858268891759667,0.13468677559662912,0.6791600625520461,0.6946308653129335,0.27393607188656416,0.15928497859481625,0.26820223603618953,0.20279026584026041,0.7121410307697976,0.6176674606336825,0.6023931495587704,0.5302215155362832,0.9048958924463898,0.5609586233032506,0.5618466638113152,0.3088085600810976,0.03197430330176449,0.3923896138890385,0.12451039273974322,0.3713454962378915,0.5984421221621581,0.736882080029557,0.49114641980111756,0.287553291193285,0.551667497499247,0.9439126385082236,0.37204938250244357,0.23805578675242686,0.3062938974007672,0.0958663659576761,0.4015980312898601,0.7165537973662999,0.4383695204955258,0.5197904456323525,0.3973219930924614,0.3335292291551347,0.28958476533209354,0.683357142290069,0.62058264377464,0.38308120403234414,0.3459368184083845,0.4418128826488299,0.1567780402066034,0.5849528605935219
259,0.11208570787276524,0.285068217676912,0.4307172823649421,0.035525653526758294,0.5985353331223017,0.1784349526597806,0.5835398843159254,-0.06709720399204144,0.29423424890277455,1.0693111662761243,-0.05833828486737905,0.41165661235036055,0.3042065891263564,0.31281614372163036,0.6332520377374891,0.9861342847757159,0.2193536274905193,0.9482458481656573,0.9506058415936851,0.9770131767682255,0.6179933294725782,0.5964222462166169,0.08585609362470298,-0.036757499346473155,0.2087794143113411,0.6524499325829322,1.0072906630487444,0.47732547220204347,0.12764592516456258,0.3943075834410207,0.8433946237188397,0.9690467025263231,0.5502465325117731,-0.09771698803841575,0.35097118727903015,0.12798810987375941,0.6063236251382854,0.4201767936912879,0.006732248213717096,0.13406463532750384,-0.029921855246559714,0.5790049538870169,-0.04312864104373504,0.2989458275154975,0.9487692155147266,0.6573788014480454,0.1107032903243928,0.7363951441582278,0.2696984177759629,1.0135511136615567
260,-0.030499910731761642,0.7169907682101345,0.543105750405267,0.3944968499402999,0.7529926899895718,0.42585616401035936,0.491892359188113,0.17931445243705116,0.7252647101271237,0.7111443836626445,0.3710776846346447,0.10287477378154597,0.09231102203821084,0.019792039351980928,0.6020467962903515,0.6847386380094409,0.5992927526842378,0.4481246635235302,1.0216596012224737,0.6107781670141817,0.4001980100920142,0.11043299233915432,0.02020056193389592,0.3647369275169103,-0.016278338353146127,0.16386644524756122,0.6495896071839277,0.9246460056169974,0.4237437365821912,0.38686900159014725,0.38510804303658547,1.024943646940105,0.48017752865831,0.31713211428900356,0.42499011034060274,-0.029330000382821436,0.5104208603884579,0.9014687859122197,0.40618141299863325,0.6684307538348431,0.35989825119327307,0.12714019629356932,0.23521303637828503,0.7397708679132612,0.4811003848738168,0.17592506782352296,0.23457231902186196,0.2469077132928616,-0.006249358254954374,0.6259900538875169
261,0.32097526360717366,0.5440093921507797,0.7772592554631605,0.48751640949720804,0.2812877310971861,0.6100762599215624,0.2200445593117178,0.028538353734561844,0.5469620438783241,0.7127399042083943,0.056540486711939536,0.2931153707342481,0.589595074892256,0.5464368760232847,0.9003547761831888,0.5439244317282396,0.5590583933824935,0.7314715604653204,0.700432502134586,0.5243647498935073,0.8601598915498301,0.7028311685860664,0.06006114961734887,0.3873870615904102,0.3888447408003647,0.7809329212447988,0.5585362206132847,0.3655551496144769,0.5661207791504234,0.12231129950906588,0.8889119876742381,0.8011790087825991,0.20005959017432387,0.05275048560197981,0.09821802384029531,0.32545772920795457,0.23174506390682975,0.34565562400538635,0.4412176135074778,0.202815041240344,0.41016099118165583,0.7366032193856457,0.3450211842691464,0.5326573280899487,0.9137151790486121,0.7912177162644687,0.5164713084618896,0.8304749884878173,0.4648251981930307,0.5657787113258921
262,0.27118877880597436,0.34924997824685877,0.6183948666609551,0.23388846302335048,0.3704722580196267,0.3887171098921752,0.380945478150467,-0.06238480381629466,0.3548055495514592,0.9292132490140605,-0.0818412427434825,0.4065482458450218,0.5253120392850654,0.5199489354831442,0.8036628951368657,0.7811770354209229,0.344362475328397,0.9247965173823357,0.7818534934916275,0.7798352935485382,0.8139166036311098,0.7678210783696948,0.08440867967680822,0.13525587475291223,0.3682555245299787,0.837935317449207,0.8106323421769204,0.31109519898142773,0.3314736338383411,0.22934638574104643,0.9714445002697456,0.8540163306597763,0.35108635958112283,-0.09623922766509987,0.17999067221768605,0.28331714238523864,0.39787127889199725,0.26933469450288916,0.185526015257246,0.05936985136970574,0.15440487007132714,0.7742963323315033,0.1337580841842381,0.34572949023438587,1.0295230215091977,0.8445860610097979,0.33214509827399097,0.9010075279530034,0.4495226210694564,0.8240210527127673
263,0.1869209776230028,0.7240903852817238,0.7533650598916108,0.5771704969768829,0.4495580807923704,0.6414303230121017,0.2600343649897993,0.14447641217119161,0.728110291550281,0.5993600220861414,0.27170716663821526,0.14750206644822358,0.3967243152784542,0.3205346926150635,0.8149077318654485,0.48454445080232345,0.6890986050519717,0.5019075028135623,0.8042575389154514,0.4307451783815914,0.6748872328092491,0.39939782535475327,0.029249229405844734,0.5082887656383088,0.2151798236893762,0.47042927890148334,0.468784457124848,0.6483498238452712,0.6234335893523812,0.18701526357746204,0.6166704049633122,0.8755219980783615,0.24895185481916393,0.2506108035960434,0.20438369169091394,0.1859168722454526,0.2721231595596195,0.6383351082988215,0.5583350247952298,0.4893756321279144,0.5203820768916284,0.4396087012041398,0.4049875866264112,0.7241969653087583,0.6565565714285718,0.48341255559438745,0.4840976346192397,0.5281763553868675,0.2583932492966069,0.4587915937050693
264,0.09575974923091186,1.039571325406607,0.8477689093475537,0.8498116708692416,0.5442968781450512,0.8346464462292602,0.17948361756093723,0.32216044087114126,1.0426891552545434,0.33149413571548075,0.5790688849756873,-0.07509884827042648,0.26014563278263264,0.12456075304105202,0.8047223464336655,0.2528659620109381,0.9715474952648356,0.14027703073306064,0.8432417016852795,0.15296151479197517,0.532248780517252,0.06197154815177508,-0.018107878711557328,0.8096365474979341,0.06468954314008066,0.13215044832507294,0.19718017492005274,0.9583181323994883,0.8512178279386851,0.16978084445852795,0.2960599140604294,0.9074668225822675,0.1841786983906909,0.5492877766131128,0.24534143197264466,0.08388072710225482,0.1880879792739234,0.9738612584525408,0.8586991498471106,0.8685839656273231,0.8142145778432599,0.12846290842425645,0.6180522408644982,1.0448320628171472,0.3257872435431773,0.1503890839321257,0.5891959053906826,0.18774363709286068,0.07274247881966642,0.16621019475118187
265,-0.06436400987190985,0.4860154912159116,0.378579746650748,0.11396071183016082,0.8237032966194745,0.18756903837065747,0.6563197846005566,0.06702820400236512,0.4968906298941514,0.9557378195626194,0.19476916913641568,0.2430955639563072,0.0513526962480787,0.02338909218489793,0.5118229176007673,0.9437384987396713,0.3542479922708654,0.6845029989359556,1.0931775770713543,0.8938157792472059,0.37723933099661744,0.2215323041264779,0.0502359931633617,0.08141327448604802,-0.013752192194770335,0.26751418719263154,0.9285207720202897,0.8275590981847827,0.1677860157733168,0.49092254663270807,0.5103827801603671,1.0703803998013368,0.6329264990731864,0.13203428479909118,0.4965524000599828,-0.054347781788171456,0.6803153981291552,0.7798999694379026,0.11962471288787446,0.47678942745573527,0.07423762740191336,0.20849556696134847,0.0035934602355576772,0.5154688009488497,0.6394271747238637,0.2753555174356762,0.04432723581080028,0.3637050879353483,0.006444550953546957,0.9138256085676435
266,0.387891379952501,0.867542682380154,1.02619062679633,0.8961415735022122,0.15511744975490688,0.9626012125529351,-0.030693639926228755,0.18237333735372419,0.8664759545793939,0.3607436943105769,0.2940658268695676,0.10111040467639493,0.6742609891467757,0.5684856907675745,1.0456490251588566,0.16382864980255185,0.9097067027490054,0.40586656226307705,0.5808794871382492,0.11248037798036503,0.9169868240782553,0.5735357665978081,0.018887530289735954,0.7963867284961827,0.4061526141848085,0.6636389469624931,0.15232297422704733,0.47640239953264346,0.9419183650295367,-0.041145160215647014,0.7346316871096207,0.7242070994556185,-0.034295671335730415,0.30552050715499074,-0.021685444204385645,0.37981131448110717,-0.027215735447020495,0.4919126759580351,0.8555114094427785,0.45460063055517663,0.8239521191040282,0.6510047935120205,0.6841016075733508,0.8448203319996035,0.7081779317392956,0.6799025969351927,0.8048922233437313,0.6925209994102144,0.47090671068933815,0.1483425664042171
267,0.2528313500992768,0.7680160437044782,0.8410518940907907,0.6783577813297026,0.3533115418470081,0.7439822692859277,0.16642922258898174,0.15530687568163948,0.77039405589912,0.524187830763521,0.27643596295329687,0.13428564571016494,0.4878330522452128,0.40253767991928924,0.8898069180625349,0.3824555064318407,0.758312199919964,0.47373301124917017,0.7315096239704499,0.3298290727134463,0.7545555338595739,0.4586277385393114,0.026277940624383045,0.5992303055738392,0.2783351454490069,0.5358500087592154,0.36840238052073704,0.5900553575316746,0.7248310833096118,0.11317777933207297,0.6575476626587812,0.8261976018162407,0.1576427881938999,0.2659651903781183,0.1307470324961089,0.249622121636502,0.17575459569970858,0.5881072667890761,0.6522282232844167,0.4749901462188184,0.616401925765814,0.5107036768829641,0.49374021147146363,0.7606782908016465,0.6760070617972828,0.5498538139339663,0.5872502554215792,0.5842555427530515,0.3288212910047096,0.3605310391258945
268,0.1707478537704923,1.0291707463057096,0.9129209180850877,0.8987245363074077,0.4409535649485092,0.897554717448888,0.10668870315235088,0.3035649805164201,1.03092973084622,0.30563892908698953,0.5340757290938128,-0.05148038006994188,0.3654981037129789,0.2311058214339784,0.8749476362244966,0.19655391906740582,0.9896057707380639,0.1725079492117534,0.7703650273739117,0.10512222563566298,0.6280968246400921,0.17036107681635465,-0.013229309795410718,0.8445599431130757,0.14667543181572504,0.24634618461767743,0.14883830403977694,0.8551915619298235,0.9075215851630082,0.1049280097415178,0.3849440387684516,0.8571704525505894,0.11095457410091969,0.5154189488429817,0.1713341594114129,0.1585945803005344,0.11332155484397005,0.8740205229548441,0.8964834520364908,0.7945568911634421,0.8549945712025857,0.24350082042962895,0.6651382595865638,1.026787040263839,0.39667950462650065,0.2646760443660717,0.6667949135225284,0.2937302667013842,0.16703089850194613,0.12317744952037968
269,-0.06436400987190985,0.4860154912159116,0.378579746650748,0.11396071183016082,0.8237032966194745,0.18756903837065747,0.6563197846005566,0.06702820400236512,0.4968906298941514,0.9557378195626194,0.19476916913641568,0.2430955639563072,0.0513526962480787,0.02338909218489793,0.5118229176007673,0.9437384987396713,0.3542479922708654,0.6845029989359556,1.0931775770713543,0.8938157792472059,0.37723933099661744,0.2215323041264779,0.0502359931633617,0.08141327448604802,-0.013752192194770335,0.26751418719263154,0.9285207720202897,0.8275590981847827,0.1677860157733168,0.49092254663270807,0.5103827801603671,1.0703803998013368,0.6329264990731864,0.13203428479909118,0.4965524000599828,-0.054347781788171456,0.6803153981291552,0.7798999694379026,0.11962471288787446,0.47678942745573527,0.07423762740191336,0.20849556696134847,0.0035934602355576772,0.5154688009488497,0.6394271747238637,0.2753555174356762,0.04432723581080028,0.3637050879353483,0.006444550953546957,0.9138256085676435
270,0.12397185486375195,1.218457795461267,0.9770739261114381,1.0686788229313222,0.486769127000712,1.021106169021876,0.05005678791293247,0.40877301050044046,1.219522751815695,0.14110416022536082,0.7146555931018436,-0.18324857411211923,0.29464810942099573,0.12453472882216671,0.8765264324680632,0.050511500214303895,1.162085270125192,-0.042233997517485244,0.7858780912165242,-0.06781805791285372,0.5525432392171774,-0.021390898912925838,-0.04127833979049391,1.030302918870738,0.06485704509234314,0.05471844844283219,-0.02042726448261567,1.0309483728338225,1.051212434838957,0.08738913338401928,0.20119626218698178,0.8709189352657857,0.06379914342433088,0.6919805197842814,0.18791411895938087,0.10522405968046694,0.05436943085383794,1.0655661671925727,1.081947457340465,1.0153103797524528,1.0368455579430342,0.06834386453523555,0.7989298026834893,1.2183441332834848,0.20481997015994852,0.0762305991254757,0.7387728659484893,0.09989914290102297,0.06534249877692022,-0.05816621522228288
272,0.06719898888319556,0.594887193485145,0.5657593460151003,0.33917974924054656,0.6294247315489422,0.4111446091827945,0.4576459420461927,0.09949893569124812,0.6023062396612181,0.7847429513912811,0.22188941578386132,0.2031463366777515,0.23261876948371854,0.18242432674222317,0.6665897986299203,0.7189567247664459,0.5137061727188834,0.6056996878702733,0.9444945702738254,0.668869504593126,0.534436660705829,0.32536870362984804,0.04140607219926169,0.28699963691212715,0.10875501951637676,0.38414229234104585,0.7050301369745556,0.7241161883081192,0.3909143733651474,0.33681315739559065,0.5771030321812317,0.9698811664565268,0.4399034112088325,0.18070277565589957,0.34613730705135276,0.07202925037814588,0.47571396384060527,0.6946267998433602,0.33127739618671237,0.4683136338955604,0.2899330681638369,0.3384203545628397,0.19966730418851927,0.6091913063714617,0.6611361865993917,0.3943962125561363,0.2641851945598423,0.46083755192680187,0.14205487020294993,0.6935534244749311
273,0.09918860382348788,0.9740076933460444,0.8134349530039912,0.7806700610430877,0.5462112672156527,0.7795586620695322,0.21248764178508375,0.2879796263711101,0.9776123128068144,0.3946391664089044,0.5227069672327495,-0.03234690118046479,0.2667907002975439,0.14371442564209702,0.7917739183427178,0.31479850585199787,0.9069488576962043,0.21105378811864545,0.8505720031208373,0.22297697057472116,0.5422450046743881,0.11112964047559398,-0.008981140324887844,0.7373406236569405,0.07936142531736848,0.18024020955300096,0.2659758463086932,0.9139270471761811,0.790124051840327,0.18746447432200422,0.3458083555171731,0.9114427306684738,0.21388420262870356,0.49239452394185057,0.2524912654991911,0.08970601780635933,0.22226587680851254,0.9232688041586119,0.785997952715749,0.803038692586534,0.7422714647460094,0.17053949520191297,0.5621090565766642,0.9798084730720609,0.3815973700106304,0.19732965969029997,0.5498803861336217,0.23806585802029723,0.0923194234791738,0.2383700078334365
274,0.10949313153430518,1.1877994112332013,0.9457676071898785,1.0234112927664092,0.5100550753495252,0.9798685885666648,0.08234672689901323,0.39563543127359835,1.1894022285309291,0.1783809923235199,0.6960883833859554,-0.16689441247541822,0.2752239624785485,0.11113079075738475,0.8548571507853782,0.09375936627775328,1.125763261918951,-0.013675225217328002,0.8053005118180954,-0.022343883730718328,0.536854209329559,-0.020134613860060324,-0.037751705803531536,0.9864744260229008,0.05450927142507067,0.05418424815686462,0.0245432940130198,1.0309476116220682,1.0083873212139642,0.11027432188491561,0.2069625654527421,0.8837798458592102,0.09452633617725387,0.6707434653146911,0.20749020794467585,0.09200731088272657,0.08767441909997328,1.0617432145076287,1.0372975263618036,0.9984063766523628,0.9919289396255313,0.06460982550371186,0.760680977360346,1.1896082079476968,0.21751528838433287,0.07509993620963257,0.7022774773508526,0.10225877905470998,0.05479878471711175,-0.012654179374756935
276,0.2356783361782152,0.9731108001862949,0.9423597050762851,0.8894754185712794,0.356271084766734,0.9101212415836032,0.06992329360739857,0.26336784877859115,0.9740900265433009,0.3297558172393115,0.45585859223588365,-0.0009036266356778899,0.4580417677077255,0.333685591568983,0.9240718658770231,0.194429174912575,0.9579445758224738,0.25051739646219046,0.7149711392487809,0.11589717225283297,0.7151476672504904,0.29616814368057864,-0.002568313945761458,0.8213797462145529,0.22556177225976284,0.3762164496303344,0.15831286750150203,0.7372138236800612,0.9102458018689674,0.06370130684795339,0.49493338347521953,0.8181569079755922,0.07144709996633372,0.4460822635973294,0.11486821935576183,0.22502912378917536,0.07576286286266745,0.7542961205049614,0.8753928919708549,0.6855207517740113,0.8369469290414475,0.3697253432481124,0.6639092863487202,0.9647510575450242,0.4960670454669423,0.39379149837776395,0.702998482542781,0.4183777366173205,0.2597090746946583,0.13950561279659618
277,0.2293467538686984,0.5921292991380476,0.7179498254588923,0.46658293821924063,0.40395127535657904,0.5647438365499833,0.2892263324475354,0.06939386158245661,0.5964436904135767,0.7093351176699674,0.1410625336166062,0.24158401898614412,0.45986970889864853,0.408478589063694,0.8233376116995619,0.5776370573093415,0.5725871818563002,0.6543838594062655,0.7836800135079717,0.5435376992449038,0.7399884048501725,0.5463410084903828,0.049255924416409747,0.38491552348963304,0.2827228673485067,0.6180737837645535,0.5789744030127054,0.5131518843470487,0.5319617376129183,0.1903212713397054,0.7554492051610192,0.8592221807222861,0.27154971064034467,0.12424544950418864,0.18291707966691723,0.23285371806570573,0.30264814476168955,0.4926929890627686,0.43554197385178994,0.3270878005739667,0.4004869805407354,0.5760074584500613,0.3190938591177155,0.589634053541275,0.7984913231407542,0.6288745986741857,0.44497267834906035,0.6762278234800623,0.3413082082051171,0.5780314378329061
280,0.20196223479902684,1.0002390434121773,0.9259371337053817,0.8921049438934168,0.4004458578854338,0.9018310817384291,0.09012046925943795,0.28322599908944357,1.0016398833777185,0.31919130992219186,0.4948205991502922,-0.025897579177792507,0.4100427683271397,0.280854380220447,0.8980713921139681,0.19749650374733074,0.9723931720950714,0.21211988385646025,0.7440598637400638,0.11250044892811956,0.6701161583642352,0.23218678050324518,-0.007833106488858647,0.831166625892595,0.18493145626741542,0.3100846012841376,0.1555549486601283,0.7972675052619679,0.9068927372194853,0.08573756533371812,0.4392107325563841,0.8386063346062288,0.09296830190842034,0.4804013020104747,0.14450970184799442,0.19060536158365168,0.09641044700809004,0.815063398646042,0.8840783751725099,0.7402467953216307,0.8440712431423774,0.30530234731362166,0.662778623432877,0.9950095298550719,0.4460591408740122,0.3280164810122512,0.682894199820465,0.355037299971141,0.2120493611713229,0.13328389719914036
281,-0.08216698734250469,0.6251878163958299,0.44147979873390375,0.2522623664027266,0.8342926801262966,0.2943751353469822,0.5972934754584391,0.14144639323200944,0.635232667298099,0.8267708857867188,0.3195058402991326,0.14996547500824847,0.02250201821131298,-0.03190175462208156,0.5290901513564075,0.8216239538526644,0.48737019584469454,0.5312953951708808,1.0880848178355527,0.7535270274300538,0.34269397369245,0.10296303251999572,0.030377586053054694,0.22831762765725938,-0.056157978914407575,0.1503678582076633,0.7908649606071347,0.9353722735556649,0.2881400854396037,0.46295053662240027,0.3933311821084392,1.069140518866766,0.5808886829529645,0.2563142086212626,0.4919985119049944,-0.07714517244385935,0.6191023487971672,0.9002732184164273,0.2669757932406777,0.6249183736677197,0.21957300437268168,0.10385952202512305,0.1144330035284955,0.6545876176872407,0.5121879397949016,0.16060990223027316,0.11593027039384518,0.2430305302644855,-0.04800250474765777,0.7683535833228783
283,0.34162410539525123,0.7600695384907058,0.920702277400699,0.7410659978402838,0.2304979684037892,0.8223619792450964,0.0777947504773289,0.13552530920167377,0.760801710021309,0.4892552435736226,0.22680490211796384,0.1594550308799359,0.612457304859835,0.5277381558068563,0.9740446965757665,0.31144715464222145,0.7840861464518702,0.507245722356189,0.6445013172458518,0.26833671056148645,0.8676715776792798,0.5840039793487123,0.031456994733172594,0.6455424972809041,0.374680757111984,0.6681908554651336,0.30639524556835185,0.47060712891484247,0.7957733002953785,0.03500013814202285,0.7597282377776761,0.7662208838101102,0.06872017273888775,0.2295761536355508,0.04240863746634391,0.33792844716060977,0.0847008344448415,0.4729760886535087,0.7019639717671438,0.3915075591653162,0.6696431570748318,0.6444479271252632,0.5533937860430717,0.7436203579828681,0.7564215486224091,0.682380091971359,0.6820115862207989,0.7067010205491415,0.4394427499433329,0.30460088525634077
285,0.42273226620426324,0.6510650190992101,0.9351314816688208,0.6867686685572496,0.1286926665816968,0.8033484469182717,0.05362633490071214,0.06535341270083643,0.6511518672679099,0.5579023794043435,0.09658016492485805,0.24758782786298192,0.729153123857853,0.6644285526719533,1.025731537870655,0.34742234203161604,0.7053580349657489,0.646192591351517,0.5816909760610117,0.3250339279681729,0.979773057895753,0.7676260407692348,0.05010604614259735,0.5723372514764286,0.4797630393242138,0.856089736992856,0.36075139619733765,0.2994756450446047,0.7610494568692613,-0.00413298001475601,0.9244791483743288,0.7212450904420685,0.03916297938765817,0.10982167898568423,-0.021817974071500656,0.4223579914638823,0.06029842747981912,0.29585918191091876,0.6310479747677116,0.21808083513415044,0.6029001722391909,0.8241687548940834,0.5170685553913829,0.62768356552741,0.9120517775831689,0.868645427839964,0.701567085803769,0.8896374841952839,0.5643536136821612,0.36938742872411845
286,0.17851376529287177,0.9790992500963365,0.8915811551983859,0.8500608408405552,0.43524917311713446,0.8604375789071488,0.12649892219511844,0.2765499727788258,0.9811307065345015,0.35138302651226266,0.48853890995187454,-0.01766623341034715,0.3777844599258506,0.25289036520215114,0.8700563973226988,0.23927946308254627,0.9422283847968433,0.2280129809543951,0.7708439535272676,0.1545179298609321,0.6422485695936946,0.21485868032300334,-0.006021931017608839,0.7925546002722177,0.1633882659157633,0.29044106901055056,0.19728107785366517,0.8146461704719254,0.865426842337647,0.11375509045031872,0.4285373666558984,0.8566856542131609,0.12825218828762466,0.4702513379919987,0.17159906759462826,0.16814542283946818,0.13387907995858778,0.8290343038261551,0.8443708543768292,0.740099910853469,0.8036597437560531,0.28312757773768166,0.6262832348352401,0.9765934985643797,0.4435917007958574,0.3079121982899351,0.6425659469984744,0.33893801367320453,0.18828659909523857,0.17451963452316616
287,0.1707478537704923,1.0291707463057096,0.9129209180850877,0.8987245363074077,0.4409535649485092,0.897554717448888,0.10668870315235088,0.3035649805164201,1.03092973084622,0.30563892908698953,0.5340757290938128,-0.05148038006994188,0.3654981037129789,0.2311058214339784,0.8749476362244966,0.19655391906740582,0.9896057707380639,0.1725079492117534,0.7703650273739117,0.10512222563566298,0.6280968246400921,0.17036107681635465,-0.013229309795410718,0.8445599431130757,0.14667543181572504,0.24634618461767743,0.14883830403977694,0.8551915619298235,0.9075215851630082,0.1049280097415178,0.3849440387684516,0.8571704525505894,0.11095457410091969,0.5154189488429817,0.1713341594114129,0.1585945803005344,0.11332155484397005,0.8740205229548441,0.8964834520364908,0.7945568911634421,0.8549945712025857,0.24350082042962895,0.6651382595865638,1.026787040263839,0.39667950462650065,0.2646760443660717,0.6667949135225284,0.2937302667013842,0.16703089850194613,0.12317744952037968
288,0.4142094177515427,0.5750591068573983,0.883476977123664,0.5965619867204178,0.14831239393612122,0.7274586389444687,0.10498677558489053,0.027940186926980137,0.5759513645959523,0.637126752817445,0.037294035910804435,0.29432229754358247,0.7193467641126454,0.6692559453618707,0.9985864423696965,0.43032197156730834,0.6257187897312116,0.7247158397725804,0.6026186482898424,0.4160966708159511,0.9755364576383545,0.807726054755235,0.06011043219260072,0.48073844139475025,0.4833985090141262,0.8939480600033984,0.45045196974425067,0.2641452753340948,0.6791459138890568,0.02772565926783349,0.968553858434841,0.7344039641956139,0.08668375828940594,0.04803786818600539,-0.0009145121637351983,0.416723120860098,0.1133819461978115,0.25262297062678557,0.5384882568045267,0.15277841924551144,0.5107365451831559,0.8547546622032337,0.4428205942080692,0.5536014522091726,0.9663355508748173,0.9051256157474674,0.641915317189051,0.9315214422828116,0.57174063219845,0.462186236336561
289,0.2539209358063778,0.31581348832645717,0.5828509036002719,0.18333085322764442,0.3979248382821054,0.34232116054049566,0.4177096573852416,-0.07645145778689832,0.3219841534116986,0.9705796962746669,-0.10137556345894858,0.4240502639200411,0.5020582730564388,0.5032766073328983,0.7785958771232756,0.8296560935992869,0.30418750562150665,0.9555263875503327,0.8045049767760157,0.8305997208693925,0.7949355480104962,0.7671952522808987,0.08818680546064814,0.08653535292423997,0.3553894944943997,0.8352381911052589,0.860853651611839,0.31300089443377954,0.28345844029171813,0.25564779343965843,0.9761262543500904,0.8690531335156836,0.3861443184635623,-0.11890772373964478,0.20283161397415475,0.2674386124017849,0.43578529984769765,0.2669871334779941,0.13585157861698183,0.04219663793215278,0.104382525484084,0.7680737764562016,0.09093297055924526,0.3145430445726298,1.0421377394291915,0.8412329963603158,0.29067920339215264,0.9016363758965265,0.43621422624770056,0.8747381500312158
290,0.13002252182252944,0.9741284285276339,0.8427452592466074,0.8056044963733662,0.5032695593533613,0.8093415568637019,0.1801009328866109,0.2825852476074233,0.977137227635354,0.3796620263084868,0.507875262943995,-0.02545068211435436,0.309986479704509,0.18655919673752944,0.8217411632345771,0.2872858266788465,0.918794141847896,0.21962458544402502,0.8198859158061591,0.1984282530046324,0.5812769530074456,0.15271145184901003,-0.007576673416147636,0.7566926978924227,0.11233476996507671,0.22429955305945243,0.24130133004293364,0.8742034842584661,0.8175766321028057,0.15940298825524704,0.3792697157436929,0.8903376797732011,0.18154252844711852,0.482207228058241,0.22134899377874895,0.12026441983585988,0.18898311820774383,0.8853254335318903,0.8065626039892266,0.776799430388109,0.7640259353893569,0.21535397400646616,0.5853950049254776,0.9767258348247496,0.40719566011318037,0.2415044328089998,0.5846837013653223,0.2785735650833726,0.13005799662426823,0.21566764223170076
291,0.08423501837376586,0.936218536817484,0.7775904425934174,0.7272006742689782,0.5708857834814123,0.7315137404183105,0.24925576403544294,0.27127452443942346,0.9404303152601429,0.4391922413207816,0.4984203456811682,-0.01153473008543554,0.2469015036507268,0.13121490333073094,0.7678732169895135,0.36553540266161766,0.8632786781037818,0.24707112658780445,0.8716348549451526,0.2767373943141317,0.5265696932807664,0.11658685424312792,-0.004500942653158063,0.6851208245537437,0.06970221220274106,0.1837226926410877,0.3191035091912711,0.9101924981832754,0.7399027424054085,0.21304345980992817,0.3560629932280382,0.9253160351844847,0.24872975699431632,0.4652526226684376,0.2737007073188529,0.0762824984326701,0.26020129275851295,0.9149889730240821,0.732879324677461,0.7797305408788613,0.6889358532884269,0.17014768608988184,0.5171384980810289,0.9440885433986614,0.3996561445896509,0.2000875785316737,0.5081542569400848,0.2447825026406486,0.08286650702193588,0.2923506517069502
292,-0.10053263158715989,0.31614348572352563,0.24689695806286616,-0.10142084124675221,0.8913891436684598,0.001479601922921181,0.7890544933956822,-0.013560263342336787,0.3291489592685933,1.1410526722041663,0.07055668314727095,0.343674391866267,0.005449778266632066,0.010374444752923984,0.4345317237588439,1.1442275238400264,0.16974596591527713,0.8551709926340622,1.1569777195020328,1.1108956001156725,0.34609275883508445,0.2880218329691988,0.0718066520111322,-0.1339775290816156,-0.02394630917181334,0.3276193238690782,1.1426272471251218,0.7706932147464424,-0.03044426672976519,0.5776856604758746,0.5902629553364517,1.1115021551961002,0.7570579968697828,-0.0003381653805869522,0.5605518567652396,-0.08391132284310546,0.8173973787255183,0.7043827655399413,-0.09858642232688097,0.3454726469147087,-0.14374952464046803,0.25193392254435454,-0.17521898142354736,0.35167417680412233,0.7464832358800276,0.3323176409446629,-0.10827352623544306,0.4347767758393763,0.001984773153072328,1.1337583579355759
293,0.33470254655277876,0.9162584790886408,1.0036767533363191,0.9067814927265292,0.2242014830487644,0.95479481558019,-0.0021359689204526466,0.2167319109683899,0.9158069442567915,0.3382272108601673,0.36046924001423314,0.057891206846651264,0.5983739366338191,0.4838429077529608,1.0061016562442173,0.16280068317353358,0.9384503087397817,0.338989590706248,0.6257986578357442,0.10055515554110817,0.8454368290942529,0.46858188647472704,0.009772285432559275,0.8185464335332981,0.34106283071709487,0.5554138777238464,0.14151434483074066,0.5747485020853693,0.9424192503168436,-0.008259854585832532,0.6425715309756899,0.7558963254459634,-0.003351073402130811,0.36469399157868315,0.024117441318189686,0.3252870188659687,0.0019375170616636184,0.5919621803021651,0.8759823628572165,0.5465870663284071,0.8419037619538394,0.5460259136340418,0.6876016726086587,0.8983933151066452,0.6245069527264798,0.5723453420390373,0.7770750927935972,0.5884623447819344,0.3943327570064685,0.13178574093270246
294,0.030740599619171666,0.5314120654421561,0.49479592756371915,0.24024417508458656,0.6866602066055905,0.3195282129709804,0.531292924500917,0.0734458433239257,0.540069733170536,0.8650441958472362,0.18658682512867797,0.23554008594045445,0.18332205876122096,0.14566078796860057,0.6154325606883698,0.8142554406987157,0.4360405750455459,0.662999077397473,0.9911531585159093,0.7681515107788554,0.49374694537246816,0.31921151680550214,0.04840890973237012,0.192217901630104,0.08039535892374391,0.37375779912839924,0.8032963680606957,0.7324804223977198,0.29650323046684485,0.3900854466467552,0.5819898205544989,1.0009424714379191,0.5103066951273538,0.1388966362973883,0.3932099956624261,0.03824063078595122,0.5516503714278498,0.6947058278128673,0.23454026686629487,0.4388556068073759,0.1923934337046852,0.32125453605352083,0.11560461010831535,0.5503694760205836,0.6820190309252075,0.38275298806148,0.18132579684672356,0.45719003558078386,0.11228613669257262,0.7925249450780604
295,0.38900904105441064,0.9701549448620457,1.0860751129890753,1.0095692930555014,0.1430936235041011,1.0550584038541264,-0.0891439989511878,0.23472162190997525,0.9682012714533202,0.25879227191266196,0.3791365255945895,0.035666697686622395,0.6729453217419207,0.5475241127110888,1.0722098702928977,0.06113882680050481,1.0132741062624029,0.29692474040696304,0.5629581437746719,-0.00223354489501848,0.9095521932140809,0.5053609842718507,0.004902283479253363,0.9135762985121385,0.3901282117282113,0.5976566691038374,0.039491189111861946,0.5375089774376294,1.043283139352689,-0.07471445528627327,0.6638258837679805,0.7135487392217781,-0.0875753947023174,0.39239905769658684,-0.03942032265231871,0.3771213650118422,-0.08769123685943025,0.5630967666837425,0.9735900488482034,0.551642036757639,0.9410947474716294,0.59459004596901,0.7765312680947432,0.9459140926452794,0.6262342667192964,0.6157427089862968,0.8737262129996008,0.6222988865795136,0.4482092756921542,0.03066157656483892
296,0.4781715616428517,0.4649097229346981,0.880989580549411,0.5272173262234365,0.07049590788344112,0.6909237677968302,0.09942944164657164,-0.039783908477658864,0.4654970680599213,0.7151674534805442,-0.08558231330107416,0.3793102729352268,0.8120526902291896,0.7823578510532395,1.033341634658799,0.48266442547691357,0.5393204992931325,0.8600442070477513,0.5570486700922832,0.4876403871533373,1.0660261378928504,0.9689573431808638,0.0781259192263967,0.3955484467783196,0.5703259530671821,1.0580563857740093,0.5197047563551505,0.11444618348121838,0.6281021181030023,0.004538780205852577,1.1154541309047583,0.7012681067734456,0.07565831197912973,-0.06696808507687815,-0.047649219477011395,0.48419974397015475,0.10810982267744335,0.09584336293609486,0.45490434885825426,-0.007086517684599836,0.4306743030640597,1.0101648176067446,0.39258463954329165,0.4383158456353236,1.1086016013563182,1.0675171109130095,0.641407774316035,1.092685511982078,0.6759187296662257,0.5408244329032804
298,0.08423501837376586,0.936218536817484,0.7775904425934174,0.7272006742689782,0.5708857834814123,0.7315137404183105,0.24925576403544294,0.27127452443942346,0.9404303152601429,0.4391922413207816,0.4984203456811682,-0.01153473008543554,0.2469015036507268,0.13121490333073094,0.7678732169895135,0.36553540266161766,0.8632786781037818,0.24707112658780445,0.8716348549451526,0.2767373943141317,0.5265696932807664,0.11658685424312792,-0.004500942653158063,0.6851208245537437,0.06970221220274106,0.1837226926410877,0.3191035091912711,0.9101924981832754,0.7399027424054085,0.21304345980992817,0.3560629932280382,0.9253160351844847,0.24872975699431632,0.4652526226684376,0.2737007073188529,0.0762824984326701,0.26020129275851295,0.9149889730240821,0.732879324677461,0.7797305408788613,0.6889358532884269,0.17014768608988184,0.5171384980810289,0.9440885433986614,0.3996561445896509,0.2000875785316737,0.5081542569400848,0.2447825026406486,0.08286650702193588,0.2923506517069502
299,0.19940695693032362,0.5156815253140979,0.6457314279761862,0.3586644357359974,0.45343442825694624,0.4678482933248541,0.3632821135692657,0.035544194422579056,0.5212181965648129,0.7993162867812659,0.09177967807531912,0.2837576459621514,0.42007002168503194,0.38362496175694205,0.7752886695136781,0.6800015406266782,0.48436046425394574,0.7273350960578275,0.825980599355742,0.6520488831817022,0.7086714574342396,0.5578018100585884,0.058333753308725825,0.27946851696789127,0.2635154424135514,0.6255646875744454,0.6862042135262255,0.5051949012669807,0.43063970049635814,0.24178472879012033,0.7765332442209546,0.8870749416806293,0.341716514579997,0.06923322968288989,0.22550960830587105,0.20600651972061418,0.37905634400715055,0.475558724225926,0.3282888662603658,0.2796690316036409,0.2928069427777412,0.5756681509868111,0.22835215477066712,0.5173400045395538,0.8352839054323169,0.6349008473210364,0.36091109436338614,0.6902256391865098,0.32256633428670306,0.6870068135157948
